0 0
0 2
1 1
2 222
3 0
4 5
5 4
6 2707
7 3
8 2189
9 2191
10 2190
11 2024
12 6
13 8
14 7
15 2227
16 9
17 11
18 10
19 23
20 21
21 1249
22 22
23 26
24 24
25 2713
26 25
27 2111
28 14
29 13
30 316
31 12
32 17
33 16
34 1784
35 15
36 18
37 20
38 19
39 1304
40 27
41 29
42 28
43 139
44 32
45 31
46 190
47 30
48 35
49 34
50 431
51 33
52 36
53 38
54 37
55 160
56 41
57 40
58 61
59 39
60 43
61 42
62 46
63 45
64 485
65 44
66 47
67 48
68 51
69 50
70 1954
71 49
72 54
73 53
74 2743
75 52
76 55
77 57
78 56
79 311
80 58
81 60
82 59
83 969
84 63
85 62
86 77
87 64
88 66
89 65
90 2858
91 138
92 69
93 68
94 386
95 67
96 72
97 71
98 1066
99 70
100 73
101 75
102 74
103 2791
104 110
105 76
106 80
107 78
108 156
109 151
110 3469
111 152
112 153
113 154
114 79
115 108
116 81
117 82
118 193
119 1815
120 2815
121 979
122 980
123 83
124 85
125 84
126 98
127 88
128 87
129 1156
130 86
131 89
132 91
133 90
134 1846
135 428
136 426
137 1125
138 94
139 93
140 173
141 92
142 252
143 97
144 1010
145 556
146 96
147 95
148 99
149 101
150 100
151 1440
152 104
153 103
154 356
155 102
156 107
157 106
158 105
159 181
160 213
161 2823
162 212
163 109
164 216
165 217
166 554
167 113
168 112
169 178
170 111
171 116
172 115
173 114
174 175
175 176
176 1888
177 2198
178 117
179 119
180 118
181 254
182 210
183 373
184 165
185 120
186 122
187 121
188 318
189 1167
190 337
191 249
192 1160
193 123
194 125
195 124
196 1313
197 127
198 126
199 1212
200 136
201 134
202 235
203 1808
204 315
205 128
206 130
207 129
208 214
209 133
210 132
211 172
212 131
213 135
214 2801
215 137
216 464
217 1211
218 463
219 305
220 2547
221 306
222 307
223 276
224 277
225 1050
226 1217
227 143
228 142
229 313
230 1058
231 1742
232 628
233 1054
234 1051
235 340
236 278
237 179
238 1190
239 189
240 186
241 439
242 339
243 317
244 1785
245 140
246 338
247 384
248 164
249 141
250 322
251 144
252 145
253 243
254 148
255 147
256 1192
257 146
258 150
259 149
260 1340
261 334
262 155
263 1146
264 157
265 159
266 158
267 1007
268 162
269 161
270 1002
271 349
272 1162
273 163
274 242
275 168
276 241
277 167
278 1029
279 166
280 281
281 285
282 170
283 223
284 169
285 314
286 1164
287 171
288 174
289 392
290 332
291 333
292 1087
293 523
294 1839
295 1186
296 1290
297 1406
298 1005
299 1999
300 437
301 256
302 1200
303 1198
304 1092
305 448
306 185
307 184
308 1030
309 183
310 1435
311 177
312 1141
313 1286
314 191
315 1139
316 182
317 180
318 1860
319 982
320 1829
321 1859
322 260
323 188
324 187
325 1320
326 1303
327 393
328 331
329 1094
330 1090
331 3201
332 1260
333 327
334 325
335 509
336 3427
337 510
338 511
339 499
340 498
341 1501
342 497
343 1004
344 192
345 383
346 1265
347 194
348 196
349 195
350 245
351 202
352 201
353 1345
354 200
355 197
356 199
357 198
358 259
359 1039
360 1407
361 204
362 203
363 205
364 206
365 207
366 209
367 208
368 432
369 433
370 211
371 1216
372 2831
373 2230
374 3511
375 717
376 473
377 215
378 218
379 220
380 219
381 1280
382 221
383 1462
384 225
385 224
386 226
387 228
388 227
389 289
390 229
391 1288
392 1287
393 1225
394 1283
395 231
396 230
397 1538
398 1351
399 385
400 248
401 1492
402 263
403 1264
404 232
405 234
406 233
407 247
408 257
409 237
410 236
411 240
412 239
413 238
414 244
415 335
416 246
417 1027
418 251
419 250
420 253
421 255
422 457
423 456
424 1056
425 1055
426 279
427 258
428 1177
429 262
430 261
431 1279
432 1346
433 264
434 267
435 266
436 265
437 268
438 270
439 269
440 2786
441 486
442 1274
443 2828
444 1128
445 323
446 324
447 1847
448 272
449 271
450 319
451 273
452 275
453 274
454 468
455 2803
456 634
457 280
458 283
459 282
460 284
461 1093
462 575
463 1310
464 288
465 287
466 409
467 286
468 301
469 300
470 1425
471 299
472 419
473 417
474 415
475 2204
476 1075
477 361
478 363
479 362
480 403
481 290
482 292
483 291
484 1640
485 295
486 294
487 413
488 293
489 1456
490 423
491 414
492 296
493 298
494 297
495 401
496 3556
497 2229
498 304
499 303
500 455
501 302
502 355
503 357
504 633
505 1191
506 1358
507 1359
508 983
509 984
510 310
511 308
512 312
513 553
514 555
515 438
516 1896
517 309
518 474
519 1429
520 1057
521 1147
522 693
523 691
524 1845
525 692
526 696
527 694
528 2706
529 695
530 1115
531 320
532 321
533 1140
534 699
535 2731
536 700
537 701
538 989
539 326
540 381
541 469
542 1799
543 328
544 330
545 329
546 430
547 1428
548 1183
549 336
550 1276
551 1275
552 1453
553 1455
554 707
555 1165
556 708
557 709
558 1454
559 2228
560 347
561 348
562 967
563 369
564 1309
565 1319
566 1318
567 435
568 436
569 346
570 345
571 1415
572 344
573 390
574 379
575 391
576 3079
577 341
578 343
579 342
580 382
581 1460
582 1383
583 1461
584 722
585 720
586 1196
587 721
588 1848
589 350
590 352
591 351
592 2022
593 354
594 353
595 727
596 725
597 2322
598 726
599 728
600 965
601 729
602 730
603 1849
604 1733
605 358
606 735
607 733
608 769
609 734
610 737
611 736
612 740
613 738
614 1155
615 739
616 741
617 2271
618 744
619 742
620 1308
621 743
622 360
623 359
624 1939
625 1495
626 1494
627 2153
628 1493
629 394
630 1315
631 2474
632 2169
633 1450
634 752
635 750
636 2730
637 751
638 1452
639 1451
640 755
641 2768
642 756
643 757
644 1724
645 364
646 366
647 365
648 1934
649 371
650 370
651 766
652 868
653 767
654 768
655 1205
656 770
657 771
658 772
659 2820
660 773
661 774
662 1019
663 777
664 775
665 2270
666 776
667 1448
668 1449
669 612
670 610
671 3165
672 2285
673 3166
674 1661
675 789
676 787
677 3178
678 788
679 1416
680 1417
681 1541
682 2778
683 368
684 793
685 855
686 794
687 795
688 367
689 904
690 797
691 378
692 380
693 611
694 2131
695 1233
696 1232
697 387
698 800
699 807
700 801
701 802
702 389
703 388
704 2158
705 1339
706 1338
707 2181
708 1337
709 1382
710 808
711 809
712 1334
713 375
714 377
715 376
716 813
717 1947
718 814
719 817
720 815
721 2703
722 816
723 2056
724 395
725 396
726 374
727 372
728 1873
729 434
730 1874
731 2864
732 397
733 399
734 398
735 2802
736 1807
737 1806
738 481
739 1933
740 1281
741 836
742 1236
743 837
744 838
745 1282
746 798
747 1905
748 1542
749 842
750 840
751 2797
752 841
753 1543
754 400
755 425
756 405
757 1496
758 402
759 404
760 407
761 406
762 2210
763 408
764 2090
765 2135
766 1655
767 410
768 418
769 1900
770 416
771 421
772 420
773 424
774 422
775 1418
776 853
777 1332
778 854
779 856
780 2856
781 857
782 858
783 427
784 1499
785 1498
786 1779
787 865
788 863
789 1109
790 864
791 1870
792 866
793 1123
794 867
795 1497
796 429
797 1872
798 1715
799 440
800 875
801 874
802 1488
803 1716
804 442
805 441
806 449
807 444
808 451
809 514
810 881
811 1229
812 882
813 883
814 450
815 445
816 443
817 889
818 887
819 1810
820 888
821 447
822 446
823 488
824 454
825 677
826 513
827 453
828 452
829 471
830 898
831 896
832 897
833 901
834 899
835 2779
836 900
837 684
838 3594
839 903
840 685
841 1432
842 601
843 1244
844 906
845 907
846 623
847 1431
848 1430
849 912
850 910
851 1136
852 911
853 915
854 913
855 914
856 918
857 916
858 1411
859 917
860 919
861 2808
862 920
863 921
864 674
865 681
866 923
867 924
868 925
869 926
870 2759
871 927
872 928
873 929
874 1034
875 930
876 931
877 625
878 458
879 460
880 459
881 1251
882 1842
883 461
884 462
885 484
886 936
887 1918
888 937
889 938
890 940
891 939
892 943
893 941
894 960
895 942
896 467
897 470
898 2816
899 483
900 944
901 1844
902 472
903 466
904 672
905 465
906 524
907 715
908 1138
909 711
910 950
911 2709
912 951
913 952
914 955
915 953
916 1105
917 954
918 526
919 525
920 959
921 2332
922 475
923 1583
924 495
925 964
926 492
927 2031
928 754
929 753
930 971
931 1299
932 972
933 973
934 1044
935 974
936 975
937 976
938 977
939 2029
940 981
941 1101
942 2087
943 1392
944 1943
945 477
946 487
947 476
948 552
949 479
950 478
951 1296
952 1295
953 489
954 1294
955 3164
956 997
957 998
958 516
959 3471
960 491
961 490
962 506
963 1797
964 493
965 494
966 496
967 501
968 503
969 502
970 500
971 504
972 505
973 1011
974 2747
975 1012
976 1013
977 508
978 732
979 1400
980 507
981 1166
982 1020
983 1021
984 1022
985 1593
986 1612
987 1025
988 1023
989 2741
990 1024
991 512
992 1796
993 1795
994 1750
995 515
996 1031
997 1032
998 1033
999 1749
1000 1985
1001 518
1002 1610
1003 1609
1004 1080
1005 1041
1006 517
1007 519
1008 521
1009 1043
1010 522
1011 520
1012 549
1013 548
1014 615
1015 547
1016 527
1017 529
1018 528
1019 530
1020 532
1021 531
1022 592
1023 613
1024 1059
1025 1231
1026 1060
1027 1063
1028 1061
1029 1224
1030 1062
1031 1065
1032 1064
1033 604
1034 533
1035 1067
1036 1068
1037 1069
1038 1070
1039 1071
1040 1154
1041 1072
1042 1073
1043 534
1044 540
1045 537
1046 536
1047 1078
1048 1077
1049 2721
1050 1079
1051 2799
1052 1081
1053 1083
1054 1086
1055 1082
1056 1084
1057 2733
1058 1085
1059 607
1060 535
1061 539
1062 538
1063 591
1064 2173
1065 640
1066 1422
1067 1095
1068 566
1069 1099
1070 1254
1071 1100
1072 1102
1073 1103
1074 1104
1075 564
1076 1110
1077 1111
1078 1114
1079 1112
1080 2764
1081 1113
1082 1248
1083 1116
1084 1117
1085 567
1086 568
1087 1378
1088 1539
1089 1120
1090 1121
1091 1122
1092 810
1093 551
1094 1126
1095 1127
1096 542
1097 1131
1098 1129
1099 2770
1100 1130
1101 541
1102 1135
1103 1133
1104 2734
1105 1134
1106 1322
1107 1137
1108 543
1109 1142
1110 2843
1111 1143
1112 1144
1113 569
1114 1584
1115 544
1116 546
1117 545
1118 1150
1119 1149
1120 1153
1121 1151
1122 3232
1123 1152
1124 1811
1125 560
1126 550
1127 1521
1128 559
1129 558
1130 1175
1131 1174
1132 557
1133 1176
1134 2255
1135 563
1136 1179
1137 2811
1138 1180
1139 2767
1140 1181
1141 1182
1142 1861
1143 577
1144 561
1145 1187
1146 585
1147 562
1148 2258
1149 1906
1150 565
1151 578
1152 573
1153 570
1154 572
1155 571
1156 1195
1157 1193
1158 1879
1159 1194
1160 1239
1161 580
1162 579
1163 581
1164 583
1165 1204
1166 1206
1167 2839
1168 582
1169 594
1170 586
1171 1208
1172 2751
1173 1209
1174 1210
1175 584
1176 588
1177 1215
1178 1213
1179 2830
1180 1214
1181 894
1182 587
1183 589
1184 590
1185 1218
1186 1277
1187 1219
1188 1220
1189 891
1190 596
1191 1921
1192 1223
1193 593
1194 595
1195 598
1196 1228
1197 1227
1198 1230
1199 2717
1200 597
1201 599
1202 603
1203 1234
1204 1331
1205 1235
1206 1237
1207 2800
1208 1238
1209 2817
1210 1240
1211 1790
1212 1241
1213 1242
1214 1886
1215 1245
1216 606
1217 605
1218 609
1219 1246
1220 1258
1221 1247
1222 1343
1223 1250
1224 608
1225 614
1226 616
1227 622
1228 621
1229 3810
1230 620
1231 1253
1232 619
1233 618
1234 1978
1235 1255
1236 1256
1237 2746
1238 1257
1239 1259
1240 1261
1241 649
1242 617
1243 624
1244 626
1245 1268
1246 1266
1247 2827
1248 1267
1249 1270
1250 1269
1251 2777
1252 1271
1253 1272
1254 1273
1255 1278
1256 1350
1257 1289
1258 1291
1259 2847
1260 1292
1261 1293
1262 1297
1263 1909
1264 1298
1265 1302
1266 1300
1267 1301
1268 1305
1269 1979
1270 1306
1271 1307
1272 1311
1273 1312
1274 1314
1275 1375
1276 1316
1277 1317
1278 1321
1279 1323
1280 1325
1281 1330
1282 1333
1283 1791
1284 1967
1285 2335
1286 1342
1287 650
1288 1344
1289 648
1290 1349
1291 2841
1292 660
1293 656
1294 666
1295 1356
1296 1354
1297 1355
1298 635
1299 637
1300 1360
1301 2776
1302 1361
1303 1362
1304 1365
1305 1363
1306 2334
1307 1364
1308 636
1309 645
1310 1367
1311 1368
1312 1369
1313 2840
1314 1370
1315 1371
1316 1372
1317 1373
1318 1374
1319 1376
1320 641
1321 642
1322 644
1323 1923
1324 643
1325 2199
1326 1728
1327 1412
1328 1413
1329 647
1330 2740
1331 646
1332 2789
1333 1423
1334 1536
1335 1424
1336 651
1337 653
1338 652
1339 654
1340 655
1341 657
1342 658
1343 659
1344 662
1345 663
1346 664
1347 668
1348 667
1349 703
1350 878
1351 877
1352 671
1353 673
1354 675
1355 678
1356 676
1357 682
1358 705
1359 2000
1360 1439
1361 2225
1362 686
1363 2124
1364 761
1365 2125
1366 702
1367 687
1368 698
1369 704
1370 688
1371 697
1372 706
1373 710
1374 712
1375 713
1376 716
1377 714
1378 1550
1379 1465
1380 1463
1381 2296
1382 1464
1383 1549
1384 790
1385 785
1386 718
1387 719
1388 2036
1389 723
1390 724
1391 731
1392 1471
1393 1469
1394 1721
1395 1470
1396 745
1397 746
1398 747
1399 748
1400 2318
1401 749
1402 759
1403 758
1404 843
1405 762
1406 1478
1407 2301
1408 1479
1409 1480
1410 760
1411 763
1412 778
1413 765
1414 764
1415 783
1416 782
1417 779
1418 784
1419 786
1420 791
1421 792
1422 796
1423 803
1424 799
1425 820
1426 823
1427 2167
1428 822
1429 821
1430 1885
1431 833
1432 832
1433 828
1434 831
1435 962
1436 830
1437 829
1438 827
1439 835
1440 839
1441 834
1442 846
1443 845
1444 850
1445 844
1446 847
1447 851
1448 2112
1449 2168
1450 1243
1451 873
1452 905
1453 872
1454 869
1455 871
1456 870
1457 1975
1458 879
1459 880
1460 935
1461 1988
1462 3741
1463 946
1464 893
1465 890
1466 892
1467 895
1468 902
1469 3799
1470 932
1471 2214
1472 2114
1473 1913
1474 934
1475 933
1476 945
1477 963
1478 961
1479 968
1480 966
1481 970
1482 1042
1483 978
1484 1096
1485 1038
1486 987
1487 988
1488 1537
1489 1026
1490 993
1491 1003
1492 1074
1493 995
1494 996
1495 994
1496 1777
1497 1222
1498 1009
1499 1008
1500 1006
1501 2744
1502 2769
1503 1028
1504 1035
1505 1036
1506 1037
1507 1040
1508 1045
1509 1049
1510 1053
1511 1052
1512 1197
1513 1107
1514 1964
1515 1965
1516 1184
1517 1185
1518 1252
1519 1357
1520 1076
1521 1088
1522 1089
1523 1091
1524 1324
1525 1097
1526 1832
1527 1098
1528 1108
1529 1106
1530 1118
1531 1366
1532 1124
1533 1783
1534 1781
1535 1132
1536 1148
1537 1347
1538 1145
1539 1163
1540 1161
1541 1178
1542 1188
1543 1189
1544 1199
1545 2224
1546 2819
1547 2336
1548 1221
1549 1284
1550 1226
1551 1326
1552 1263
1553 1794
1554 1414
1555 1262
1556 1327
1557 1285
1558 1329
1559 1500
1560 1520
1561 1328
1562 1341
1563 1352
1564 1353
1565 1348
1566 1436
1567 1782
1568 1818
1569 1744
1570 812
1571 1540
1572 2050
1573 1691
1574 1377
1575 2018
1576 1530
1577 1600
1578 1598
1579 1554
1580 1379
1581 1381
1582 1380
1583 1630
1584 1000
1585 1388
1586 1387
1587 1525
1588 1385
1589 1390
1590 1547
1591 1389
1592 1386
1593 1384
1594 1402
1595 1401
1596 1396
1597 1395
1598 1524
1599 1394
1600 1399
1601 1398
1602 3119
1603 1397
1604 1953
1605 1951
1606 1405
1607 1404
1608 1962
1609 1403
1610 1902
1611 1949
1612 1483
1613 1682
1614 1720
1615 1683
1616 1684
1617 1903
1618 1948
1619 1687
1620 2307
1621 1688
1622 1689
1623 1475
1624 1484
1625 1486
1626 1408
1627 1698
1628 1696
1629 2300
1630 1697
1631 1701
1632 1699
1633 1700
1634 1702
1635 2312
1636 1703
1637 1704
1638 1434
1639 1641
1640 1654
1641 1421
1642 1420
1643 1419
1644 1984
1645 1433
1646 1963
1647 1441
1648 1443
1649 2183
1650 1458
1651 1507
1652 1643
1653 1585
1654 1587
1655 1490
1656 1916
1657 824
1658 1575
1659 1447
1660 1446
1661 1673
1662 1445
1663 1472
1664 1568
1665 1468
1666 1467
1667 1474
1668 1048
1669 1046
1670 1473
1671 1477
1672 1476
1673 1482
1674 861
1675 859
1676 1481
1677 1014
1678 1485
1679 1843
1680 1803
1681 1805
1682 1804
1683 3795
1684 1159
1685 1157
1686 3482
1687 3808
1688 3807
1689 1645
1690 3792
1691 1504
1692 1015
1693 1502
1694 1503
1695 1505
1696 1561
1697 1515
1698 1517
1699 1001
1700 1516
1701 1512
1702 1509
1703 1529
1704 1743
1705 1513
1706 1522
1707 1523
1708 999
1709 1841
1710 1527
1711 1552
1712 1528
1713 1526
1714 1532
1715 1531
1716 1558
1717 1840
1718 1535
1719 1534
1720 1556
1721 1533
1722 1545
1723 1553
1724 1570
1725 1582
1726 1789
1727 3172
1728 1546
1729 1544
1730 1548
1731 1551
1732 1555
1733 1557
1734 1559
1735 1560
1736 1567
1737 1566
1738 1581
1739 1564
1740 1562
1741 1563
1742 1565
1743 1569
1744 1572
1745 1571
1746 1573
1747 1574
1748 1580
1749 1590
1750 1591
1751 1592
1752 1802
1753 1800
1754 2263
1755 1801
1756 990
1757 3744
1758 3767
1759 2206
1760 1809
1761 2720
1762 3220
1763 1604
1764 1597
1765 1596
1766 805
1767 1595
1768 1618
1769 1594
1770 1602
1771 1611
1772 1816
1773 1599
1774 1607
1775 1629
1776 1606
1777 1615
1778 1674
1779 1746
1780 1614
1781 1695
1782 1613
1783 1826
1784 1824
1785 2705
1786 1825
1787 1621
1788 1620
1789 1677
1790 2205
1791 2098
1792 1619
1793 1627
1794 1628
1795 1636
1796 1635
1797 1622
1798 1634
1799 1633
1800 1632
1801 1625
1802 1707
1803 1637
1804 1672
1805 860
1806 1017
1807 1644
1808 1659
1809 1168
1810 1648
1811 1653
1812 3753
1813 1664
1814 1660
1815 1650
1816 2134
1817 1770
1818 2806
1819 1771
1820 1666
1821 1665
1822 1883
1823 1669
1824 1670
1825 2754
1826 1671
1827 1676
1828 1869
1829 1871
1830 1709
1831 1710
1832 1678
1833 1878
1834 2826
1835 3163
1836 2118
1837 1882
1838 2722
1839 1884
1840 1887
1841 1890
1842 2750
1843 1891
1844 1892
1845 1893
1846 1693
1847 1675
1848 985
1849 956
1850 958
1851 1680
1852 1679
1853 1901
1854 1690
1855 1904
1856 2760
1857 1907
1858 1908
1859 2818
1860 1692
1861 1706
1862 1705
1863 949
1864 947
1865 3743
1866 1708
1867 1765
1868 1713
1869 1712
1870 1920
1871 2116
1872 1711
1873 1714
1874 2145
1875 1723
1876 1722
1877 1730
1878 1915
1879 2095
1880 1935
1881 1919
1882 1927
1883 2081
1884 1928
1885 2321
1886 3446
1887 1897
1888 1738
1889 1739
1890 2174
1891 2002
1892 1731
1893 1732
1894 2262
1895 1588
1896 1736
1897 1737
1898 3108
1899 1741
1900 1740
1901 1778
1902 2110
1903 1745
1904 1747
1905 1748
1906 1831
1907 1812
1908 1813
1909 1830
1910 1758
1911 1757
1912 1971
1913 1972
1914 1756
1915 1760
1916 2832
1917 1759
1918 1755
1919 1754
1920 2195
1921 3438
1922 627
1923 1780
1924 1767
1925 1766
1926 1772
1927 2200
1928 1776
1929 1987
1930 1986
1931 1989
1932 3383
1933 1990
1934 1991
1935 1992
1936 1993
1937 1994
1938 3742
1939 1786
1940 2193
1941 2001
1942 3738
1943 1911
1944 3739
1945 2099
1946 2079
1947 1931
1948 2203
1949 2023
1950 1793
1951 1970
1952 1969
1953 1798
1954 3466
1955 1910
1956 2851
1957 2100
1958 1998
1959 1814
1960 2035
1961 2033
1962 2331
1963 2034
1964 1817
1965 1819
1966 1823
1967 1821
1968 1820
1969 2185
1970 1822
1971 1827
1972 1828
1973 1833
1974 1834
1975 3485
1976 1835
1977 1836
1978 1852
1979 1837
1980 1838
1981 1851
1982 2053
1983 2051
1984 2223
1985 2052
1986 1850
1987 1853
1988 1854
1989 1855
1990 1856
1991 1858
1992 1857
1993 1863
1994 1862
1995 1865
1996 1864
1997 1866
1998 1868
1999 1867
2000 2063
2001 2239
2002 2064
2003 2065
2004 2212
2005 2069
2006 2442
2007 2070
2008 2071
2009 2782
2010 1875
2011 2783
2012 2821
2013 2073
2014 2257
2015 2074
2016 2075
2017 2076
2018 2870
2019 2077
2020 2078
2021 1877
2022 1876
2023 1880
2024 1881
2025 1922
2026 1895
2027 2082
2028 2080
2029 1894
2030 1912
2031 2096
2032 2097
2033 1914
2034 2160
2035 1926
2036 3472
2037 1925
2038 1917
2039 2184
2040 1924
2041 1930
2042 2003
2043 1719
2044 1717
2045 2132
2046 1937
2047 1974
2048 1942
2049 1940
2050 1941
2051 1960
2052 2008
2053 2007
2054 1944
2055 1946
2056 1945
2057 1950
2058 1952
2059 2863
2060 1955
2061 1957
2062 1956
2063 1961
2064 1968
2065 1958
2066 1959
2067 2699
2068 2054
2069 1973
2070 2019
2071 1977
2072 1976
2073 1980
2074 1752
2075 1982
2076 1981
2077 1983
2078 2004
2079 2319
2080 1995
2081 2005
2082 1997
2083 1996
2084 2139
2085 3802
2086 2140
2087 2141
2088 2144
2089 2142
2090 3467
2091 2143
2092 1753
2093 1751
2094 2006
2095 2020
2096 2009
2097 2011
2098 2010
2099 629
2100 2017
2101 2021
2102 2043
2103 2025
2104 2045
2105 1762
2106 2026
2107 3800
2108 2030
2109 2037
2110 2123
2111 1889
2112 2038
2113 2046
2114 2047
2115 2197
2116 886
2117 884
2118 2058
2119 2084
2120 2088
2121 2059
2122 2060
2123 2172
2124 2171
2125 2253
2126 2067
2127 2072
2128 2175
2129 2268
2130 2176
2131 3411
2132 2177
2133 2178
2134 631
2135 2130
2136 2108
2137 2115
2138 2129
2139 2012
2140 2015
2141 2136
2142 2137
2143 2138
2144 2186
2145 2287
2146 2187
2147 2188
2148 2147
2149 2265
2150 2194
2151 2202
2152 2146
2153 2148
2154 2150
2155 2151
2156 2149
2157 2154
2158 2155
2159 2161
2160 2162
2161 2182
2162 2196
2163 2213
2164 3489
2165 2207
2166 3273
2167 2208
2168 2209
2169 2106
2170 2107
2171 2105
2172 852
2173 1899
2174 3513
2175 2211
2176 2215
2177 3418
2178 2216
2179 2217
2180 2220
2181 2218
2182 2867
2183 2219
2184 2222
2185 2221
2186 2238
2187 3098
2188 2240
2189 2241
2190 2243
2191 2242
2192 2244
2193 3768
2194 2245
2195 2246
2196 2249
2197 2247
2198 2691
2199 2248
2200 2256
2201 2269
2202 2259
2203 3413
2204 2260
2205 2261
2206 2284
2207 2264
2208 2267
2209 2266
2210 2272
2211 2330
2212 2273
2213 2274
2214 2275
2215 2329
2216 2276
2217 2277
2218 2279
2219 2278
2220 2280
2221 3289
2222 2281
2223 3360
2224 2282
2225 2283
2226 2286
2227 3169
2228 2288
2229 2290
2230 2292
2231 2289
2232 2291
2233 2926
2234 2311
2235 2293
2236 2294
2237 2295
2238 3759
2239 3761
2240 3083
2241 2298
2242 2302
2243 2303
2244 2304
2245 2306
2246 2305
2247 2309
2248 2308
2249 2310
2250 2314
2251 2317
2252 2315
2253 3175
2254 2316
2255 2320
2256 2323
2257 2326
2258 2324
2259 2325
2260 3235
2261 2327
2262 2328
2263 2333
2264 2339
2265 2337
2266 2397
2267 2338
2268 2341
2269 2340
2270 2343
2271 2342
2272 2344
2273 2347
2274 2345
2275 2421
2276 2346
2277 2348
2278 2349
2279 2578
2280 2355
2281 2436
2282 2357
2283 2350
2284 2525
2285 2354
2286 2353
2287 2356
2288 2574
2289 2358
2290 2360
2291 2366
2292 2361
2293 2362
2294 2363
2295 2364
2296 2365
2297 2369
2298 2367
2299 2368
2300 2377
2301 2370
2302 2371
2303 2372
2304 2568
2305 2373
2306 2376
2307 2374
2308 2595
2309 2375
2310 2379
2311 2378
2312 2380
2313 2487
2314 2381
2315 2382
2316 2385
2317 2383
2318 2619
2319 2384
2320 3333
2321 2387
2322 2388
2323 2389
2324 2398
2325 2390
2326 2391
2327 2392
2328 2393
2329 2396
2330 2394
2331 2401
2332 2395
2333 3748
2334 2399
2335 2400
2336 2403
2337 2402
2338 2404
2339 2405
2340 2406
2341 2407
2342 2408
2343 2409
2344 2413
2345 2410
2346 2411
2347 2412
2348 2605
2349 2414
2350 2417
2351 2415
2352 2416
2353 2418
2354 2419
2355 2420
2356 2422
2357 2423
2358 2424
2359 2425
2360 2429
2361 2426
2362 2431
2363 2427
2364 2428
2365 2430
2366 2434
2367 2432
2368 2433
2369 2435
2370 2439
2371 2437
2372 2518
2373 2438
2374 2440
2375 2637
2376 2441
2377 2443
2378 2450
2379 2444
2380 2445
2381 2446
2382 2447
2383 2448
2384 2449
2385 2672
2386 2453
2387 2451
2388 2511
2389 2452
2390 2455
2391 2454
2392 2456
2393 2457
2394 2541
2395 2485
2396 2476
2397 2482
2398 3385
2399 2459
2400 2866
2401 2458
2402 2460
2403 2462
2404 2461
2405 2472
2406 2473
2407 2463
2408 2464
2409 2468
2410 2465
2411 2466
2412 2467
2413 3749
2414 3813
2415 2470
2416 2469
2417 2471
2418 2481
2419 2475
2420 2477
2421 2479
2422 2478
2423 2480
2424 2483
2425 2484
2426 2486
2427 2488
2428 2490
2429 2489
2430 2492
2431 2491
2432 2493
2433 2495
2434 2494
2435 2496
2436 2497
2437 2498
2438 2500
2439 2499
2440 2501
2441 2502
2442 2503
2443 2505
2444 2504
2445 2507
2446 2506
2447 2508
2448 2509
2449 2510
2450 2512
2451 2514
2452 2513
2453 2516
2454 2515
2455 2517
2456 2694
2457 2521
2458 2519
2459 3812
2460 2520
2461 2524
2462 2522
2463 2548
2464 2523
2465 2526
2466 2527
2467 2530
2468 3798
2469 2531
2470 2532
2471 2533
2472 2534
2473 2535
2474 2537
2475 3269
2476 2538
2477 2539
2478 2540
2479 2542
2480 2543
2481 3287
2482 2544
2483 2545
2484 2546
2485 2550
2486 2549
2487 2551
2488 2553
2489 2552
2490 2554
2491 2555
2492 2556
2493 2557
2494 2558
2495 2561
2496 3152
2497 2562
2498 2563
2499 2564
2500 2565
2501 2674
2502 2673
2503 2569
2504 2575
2505 2571
2506 2570
2507 2572
2508 2576
2509 2585
2510 2577
2511 2579
2512 2580
2513 2581
2514 2582
2515 2584
2516 2583
2517 2587
2518 2586
2519 2589
2520 2588
2521 2593
2522 2594
2523 2596
2524 2597
2525 2599
2526 2598
2527 2601
2528 2600
2529 2603
2530 2602
2531 3060
2532 2604
2533 2606
2534 2607
2535 2608
2536 2609
2537 2610
2538 2611
2539 2612
2540 2613
2541 2614
2542 2615
2543 2616
2544 2617
2545 2618
2546 2621
2547 2620
2548 2623
2549 2622
2550 2625
2551 2624
2552 2627
2553 2626
2554 2629
2555 2628
2556 2632
2557 2633
2558 2634
2559 2635
2560 2636
2561 3293
2562 2640
2563 2638
2564 2695
2565 2639
2566 2641
2567 2643
2568 2642
2569 2644
2570 2647
2571 2645
2572 2653
2573 2646
2574 2649
2575 2648
2576 2651
2577 2650
2578 2652
2579 2656
2580 2654
2581 2662
2582 2655
2583 2657
2584 2658
2585 3291
2586 3292
2587 2664
2588 2663
2589 2665
2590 2666
2591 2669
2592 3284
2593 2670
2594 2671
2595 2675
2596 2676
2597 2678
2598 2677
2599 2679
2600 2680
2601 2682
2602 2681
2603 2683
2604 2684
2605 2685
2606 2686
2607 2688
2608 2689
2609 3277
2610 2690
2611 2693
2612 2692
2613 2696
2614 2697
2615 2698
2616 2701
2617 2700
2618 2702
2619 2739
2620 2704
2621 2774
2622 2708
2623 2710
2624 2711
2625 2712
2626 2714
2627 2715
2628 2716
2629 2718
2630 2822
2631 2719
2632 2804
2633 2723
2634 2724
2635 2726
2636 2725
2637 2728
2638 2727
2639 2729
2640 2732
2641 2735
2642 2736
2643 2737
2644 2742
2645 2745
2646 2748
2647 2749
2648 2752
2649 2753
2650 2755
2651 2844
2652 2756
2653 2757
2654 2758
2655 2845
2656 2762
2657 2763
2658 2765
2659 2766
2660 2771
2661 2773
2662 2772
2663 2775
2664 2780
2665 2781
2666 2784
2667 2785
2668 2787
2669 3216
2670 2788
2671 2790
2672 2794
2673 2793
2674 2795
2675 2796
2676 2798
2677 2805
2678 2809
2679 2810
2680 2812
2681 3230
2682 2814
2683 2813
2684 2824
2685 2825
2686 2829
2687 2834
2688 2833
2689 2836
2690 2835
2691 2837
2692 2838
2693 2842
2694 2849
2695 2846
2696 2848
2697 2850
2698 2853
2699 2852
2700 2854
2701 2855
2702 2857
2703 2860
2704 2859
2705 3173
2706 2865
2707 2868
2708 2886
2709 3129
2710 2869
2711 3721
2712 2873
2713 2871
2714 3043
2715 2872
2716 2874
2717 3012
2718 2875
2719 2876
2720 2877
2721 3343
2722 2878
2723 2879
2724 2882
2725 2880
2726 3008
2727 2881
2728 2884
2729 2883
2730 2885
2731 2887
2732 2890
2733 2888
2734 2987
2735 2889
2736 2893
2737 2891
2738 3750
2739 2892
2740 2894
2741 2895
2742 2898
2743 2896
2744 2899
2745 2897
2746 2901
2747 2900
2748 2902
2749 2955
2750 2903
2751 2905
2752 2904
2753 2906
2754 2907
2755 2923
2756 2911
2757 3084
2758 2913
2759 2912
2760 2914
2761 2915
2762 2922
2763 3325
2764 2925
2765 2927
2766 3464
2767 2932
2768 2968
2769 3769
2770 3304
2771 3303
2772 2933
2773 2934
2774 2970
2775 2971
2776 2939
2777 2937
2778 2947
2779 2938
2780 2940
2781 2941
2782 2943
2783 2942
2784 2946
2785 2944
2786 3036
2787 2945
2788 2948
2789 2949
2790 2952
2791 2950
2792 2953
2793 2951
2794 2961
2795 2954
2796 2960
2797 2956
2798 2959
2799 2958
2800 2962
2801 3386
2802 3390
2803 2967
2804 2972
2805 3774
2806 2964
2807 3758
2808 2973
2809 3755
2810 2969
2811 2974
2812 2975
2813 2976
2814 2980
2815 2977
2816 3747
2817 3034
2818 2985
2819 2982
2820 2983
2821 2997
2822 2988
2823 2986
2824 2989
2825 2990
2826 2991
2827 2994
2828 2993
2829 2996
2830 2995
2831 2998
2832 2999
2833 3000
2834 3001
2835 3004
2836 3002
2837 3016
2838 3003
2839 3006
2840 3005
2841 3007
2842 3009
2843 3011
2844 3010
2845 3013
2846 3014
2847 3015
2848 3017
2849 3018
2850 3019
2851 3020
2852 3021
2853 3022
2854 3023
2855 3024
2856 3025
2857 3031
2858 3026
2859 3028
2860 3027
2861 3029
2862 3030
2863 3032
2864 3033
2865 3035
2866 3037
2867 3787
2868 3327
2869 3038
2870 3636
2871 3039
2872 3042
2873 3041
2874 3046
2875 3044
2876 3073
2877 3045
2878 3048
2879 3049
2880 3052
2881 3050
2882 3063
2883 3051
2884 3053
2885 3111
2886 3054
2887 3055
2888 3065
2889 3056
2890 3058
2891 3057
2892 3059
2893 3061
2894 3062
2895 3064
2896 3066
2897 3067
2898 3068
2899 3069
2900 3072
2901 3680
2902 3075
2903 3074
2904 3076
2905 3124
2906 3077
2907 3121
2908 3754
2909 3082
2910 3791
2911 3089
2912 3085
2913 3087
2914 3088
2915 3103
2916 3101
2917 3094
2918 3092
2919 3776
2920 3764
2921 3271
2922 3765
2923 3102
2924 3100
2925 3106
2926 3326
2927 3274
2928 3110
2929 3115
2930 3114
2931 3112
2932 3126
2933 3113
2934 3784
2935 3116
2936 3117
2937 3118
2938 3120
2939 3122
2940 3127
2941 3125
2942 3128
2943 4900
2944 3130
2945 3131
2946 3132
2947 3133
2948 3134
2949 3135
2950 3416
2951 3139
2952 3137
2953 3279
2954 3138
2955 3141
2956 3140
2957 3148
2958 3143
2959 3160
2960 3146
2961 3275
2962 3147
2963 3149
2964 3150
2965 3151
2966 3153
2967 3154
2968 3156
2969 3155
2970 3158
2971 3161
2972 3162
2973 3290
2974 3167
2975 3382
2976 3168
2977 3171
2978 3170
2979 3174
2980 3176
2981 3177
2982 3179
2983 3212
2984 3180
2985 3181
2986 3182
2987 3199
2988 3184
2989 3183
2990 3185
2991 3190
2992 3186
2993 3187
2994 3188
2995 3189
2996 3191
2997 3195
2998 3192
2999 3194
3000 3193
3001 3196
3002 3197
3003 3198
3004 3200
3005 3202
3006 3203
3007 3223
3008 3204
3009 3205
3010 3206
3011 3207
3012 3208
3013 3209
3014 3210
3015 3214
3016 3211
3017 3213
3018 3215
3019 3217
3020 3218
3021 3219
3022 3221
3023 3222
3024 3224
3025 3226
3026 3225
3027 3244
3028 3227
3029 3228
3030 3229
3031 3231
3032 3233
3033 3234
3034 3239
3035 3236
3036 3237
3037 3238
3038 3246
3039 3240
3040 3241
3041 3242
3042 3243
3043 3245
3044 3248
3045 3247
3046 3249
3047 3282
3048 3250
3049 3252
3050 3251
3051 3254
3052 3253
3053 3255
3054 3257
3055 3256
3056 3481
3057 3258
3058 3261
3059 3259
3060 3260
3061 3263
3062 3262
3063 3264
3064 3265
3065 3266
3066 3267
3067 3268
3068 3272
3069 3276
3070 3278
3071 3280
3072 3281
3073 3283
3074 3285
3075 3286
3076 3294
3077 3447
3078 3297
3079 3301
3080 3298
3081 3300
3082 3306
3083 3305
3084 3307
3085 3308
3086 3309
3087 3312
3088 3310
3089 3311
3090 3314
3091 3313
3092 3315
3093 3316
3094 3317
3095 3318
3096 3321
3097 3319
3098 3320
3099 3322
3100 3323
3101 3324
3102 3331
3103 3330
3104 3332
3105 3334
3106 3336
3107 3335
3108 3338
3109 3337
3110 3339
3111 3340
3112 3341
3113 3344
3114 3342
3115 3346
3116 3345
3117 3348
3118 3347
3119 3349
3120 3350
3121 3351
3122 3352
3123 3353
3124 3356
3125 3354
3126 3355
3127 3357
3128 3358
3129 3359
3130 3363
3131 3378
3132 3364
3133 3366
3134 3367
3135 3371
3136 3370
3137 3373
3138 3751
3139 3377
3140 3379
3141 3380
3142 3384
3143 3789
3144 3389
3145 3391
3146 3392
3147 3410
3148 3396
3149 3401
3150 3404
3151 3406
3152 3407
3153 3424
3154 3796
3155 3428
3156 3429
3157 3801
3158 3432
3159 3435
3160 3437
3161 3436
3162 3439
3163 3445
3164 3444
3165 3457
3166 3448
3167 3450
3168 3449
3169 3453
3170 3454
3171 3458
3172 3459
3173 3462
3174 3465
3175 3474
3176 3473
3177 3475
3178 3476
3179 3638
3180 3477
3181 3478
3182 3479
3183 3480
3184 3483
3185 3484
3186 3509
3187 2226
3188 3498
3189 3510
3190 3503
3191 3495
3192 2231
3193 2233
3194 2232
3195 3397
3196 3398
3197 2235
3198 2236
3199 2234
3200 3501
3201 2929
3202 3440
3203 3442
3204 3441
3205 3504
3206 3508
3207 3502
3208 2919
3209 3499
3223 2921
3270 3494
3278 3506
3281 1579
3282 3500
3286 1577
3291 3601
3292 3634
3293 3602
3294 3603
3295 3604
3296 3632
3297 3605
3298 3606
3299 3607
3300 3608
3301 3609
3302 3617
3303 3610
3304 3611
3305 3612
3306 3615
3307 3613
3308 3614
3309 3633
3310 3616
3311 3618
3312 3619
3369 3630
3376 3635
3380 3637
3381 3641
3382 3639
3383 3642
3384 3640
3385 3644
3386 3643
3387 3646
3388 3645
3389 3672
3390 3647
3391 3648
3392 3667
3393 3649
3394 3650
3395 3651
3396 3652
3397 3653
3398 3654
3399 3521
3400 3523
3401 3559
3402 3655
3403 3657
3404 3558
3405 3656
3406 3659
3407 3658
3408 3661
3409 3660
3410 3663
3411 3662
3412 3709
3413 3664
3414 3598
3415 3665
3416 3666
3417 3668
3418 3670
3419 3669
3420 3671
3421 3673
3422 3674
3423 3675
3424 3676
3425 3677
3426 3737
3427 3678
3428 3679
3429 3681
3430 3713
3431 3682
3432 3714
3433 3689
3434 3683
3435 3686
3436 3684
3437 3716
3438 3685
3439 3688
3440 3687
3441 3690
3442 3593
3443 3691
3444 3692
3445 3693
3446 3694
3447 3695
3448 3696
3449 3697
3450 3698
3451 3699
3452 3700
3453 3701
3454 3702
3455 3703
3456 3704
3457 3566
3458 3705
3459 3567
3460 3706
3461 3568
3462 3707
3463 574
3464 3708
3465 3712
3466 3710
3467 3717
3468 3711
3469 3715
3470 3718
3471 3719
3472 3720
3473 3723
3474 3722
3475 3724
3476 3725
3477 3726
3478 3727
3479 3728
3480 3729
3481 3730
3482 3731
3483 3732
3484 3733
3485 3734
3486 3735
3487 3736
3488 3745
3489 3746
3490 3752
3491 3757
3492 3803
3493 3804
3494 1438
3495 1663
3496 1437
3497 1685
3498 2861
3499 948
3500 1686
3501 991
3502 2192
3503 3786
3504 986
3505 1734
3506 957
3507 1623
3508 992
3509 3785
3510 3470
3511 1172
3512 1694
3513 2119
3514 1788
3515 3805
3516 482
3517 3783
3518 480
3519 2126
3520 1681
3521 1158
3522 3782
3523 1207
3524 1202
3525 1489
3526 2807
3527 1170
3528 1466
3529 3779
3530 1764
3531 1638
3532 1929
3533 1047
3534 3775
3535 3780
3536 3781
3537 1576
3538 3773
3539 1491
3540 1662
3541 825
3542 818
3543 826
3544 1578
3545 3771
3546 1639
3547 2862
3548 1589
3549 3770
3550 1898
3551 1457
3552 1459
3553 819
3554 2127
3555 3109
3556 1506
3557 3772
3558 1726
3559 1735
3560 1768
3561 1932
3562 2201
3563 2792
3564 1769
3565 1335
3566 1119
3567 3766
3568 1336
3569 3763
3570 3762
3571 3760
3572 2055
3573 1169
3574 1586
3575 3793
3576 3512
3577 1773
3578 3517
3579 3515
3580 3516
3581 3539
3582 3514
3583 3535
3584 3587
3585 2297
3586 2299
3587 3532
3588 3586
3589 2630
3590 2957
3591 3328
3592 2631
3593 3518
3594 3520
3595 3519
3596 3575
3597 2908
3598 3528
3599 3570
3600 3529
3601 3522
3602 3388
3603 3399
3604 3487
3605 3592
3606 3387
3607 2910
3608 2909
3609 3104
3610 3105
3611 3488
3612 3093
3613 3095
3614 3569
3615 2590
3616 2351
3617 3096
3618 3778
3619 2359
3620 2591
3621 2928
3622 2918
3623 3597
3624 3525
3625 3524
3626 3526
3627 2924
3628 3573
3629 3574
3630 3527
3631 2592
3632 2573
3633 3329
3634 3548
3635 3530
3636 3541
3637 3564
3638 2352
3639 3080
3640 3091
3641 3090
3642 3081
3643 3540
3644 3533
3645 3402
3646 3531
3647 2916
3648 2917
3649 3534
3650 3537
3651 3086
3652 3536
3653 1774
3654 3486
3655 3538
3656 3588
3657 3107
3658 3542
3659 806
3660 2102
3661 3756
3662 804
3663 2250
3664 3123
3665 3544
3666 3543
3667 2251
3668 3777
3669 3097
3670 2252
3671 3546
3672 3545
3673 3547
3674 2661
3675 2660
3676 3549
3677 3561
3678 3563
3679 3554
3680 3551
3681 3550
3682 3426
3683 3412
3684 3797
3685 3553
3686 2567
3687 2536
3688 2687
3689 2559
3690 2560
3691 3552
3692 2667
3693 3555
3694 2668
3695 3557
3696 2659
3697 3572
3698 3562
3699 2566
3700 2529
3701 3560
3702 2528
3703 3591
3704 3099
3705 3419
3706 3430
3707 3565
3708 3431
3709 3571
3710 3368
3711 3369
3712 3417
3713 576
3714 3576
3715 3580
3716 3577
3717 3579
3718 3414
3719 3452
3720 3415
3721 3423
3722 3578
3723 3451
3724 2101
3725 3583
3726 3581
3727 3582
3728 3585
3729 3433
3730 3584
3731 3302
3732 3468
3733 3295
3734 3590
3735 3420
3736 3145
3737 3589
3738 3599
3739 3596
3740 3600
3741 3395
3742 2041
3743 3374
3744 3375
3745 3790
3746 3142
3747 2386
3748 3461
3749 3394
3750 3393
3751 3460
3752 2040
3753 811
3754 3288
3755 3456
3756 2039
3757 1775
3758 3157
3759 3381
3760 2109
3761 1608
3762 2761
3763 3434
3764 3299
3765 3144
3766 3362
3767 3296
3768 3270
3769 1646
3770 3372
3771 1647
3772 1624
3773 3422
3774 3365
3775 3409
3776 3400
3777 3403
3778 3455
3779 3788
3780 3408
3781 3361
3782 3463
3783 3159
3784 3376
3785 1725
3786 1203
3787 3405
3788 3425
3789 3421
3790 1173
3791 2992
3792 2984
3793 3040
3794 2978
3795 2979
3796 3070
3797 2981
3798 3078
3799 3806
3800 3136
3801 3794
3802 2965
3803 2963
3804 2966
3805 3047
3806 3071
3807 411
3808 412
3809 780
3810 1487
3811 3443
3812 781
3813 1409
3814 1966
3815 3595
3816 885
3817 2120
3818 1410
3819 1668
3820 1667
3821 1651
3822 1656
3823 689
3824 600
3825 1657
3826 2159
3827 683
3828 690
3829 1444
3830 876
3831 1442
3832 680
3833 679
3834 3740
3835 602
3836 1642
3837 1652
3838 1649
3839 1018
3840 2113
3841 1426
3842 1427
3843 2091
3844 2089
3845 1016
3846 1658
3847 849
3848 908
3849 2104
3850 2092
3851 2093
3852 670
3853 1792
3854 909
3855 665
3856 661
3857 922
3858 862
3859 848
3860 669
3861 639
3862 638
3863 2179
3864 2121
3865 2014
3866 2044
3867 2032
3868 2133
3869 2094
3870 2165
3871 2086
3872 2166
3873 2152
3874 2128
3875 1938
3876 1201
3877 1936
3878 2062
3879 1727
3880 2057
3881 1761
3882 2122
3883 1617
3884 1391
3885 2164
3886 2085
3887 2117
3888 2163
3889 2157
3890 2170
3891 2048
3892 2013
3893 2016
3894 1616
3895 2028
3896 1718
3897 2738
3898 1393
3899 632
3900 1763
3901 2083
3902 2049
3903 2061
3904 2156
3905 2254
3906 2068
3907 2027
3908 2180
3909 1729
3910 2042
3911 2066
3912 2103
3913 630
3914 1787
3915 1511
3916 1605
3917 1519
3918 1514
3919 1631
3920 1508
3921 1626
3922 1510
3923 1171
3924 2936
3925 2935
3926 1518
3927 1601
3928 1603
3929 3809
3930 3811
3931 3819
3932 3820
3933 3814
3934 3818
3935 3929
3936 3815
3937 3816
3938 3817
3939 3822
3940 3823
3941 3824
3942 3821
3943 3826
3944 3827
3945 3828
3946 3825
3947 3930
3948 3831
3949 3829
3950 3830
3951 3833
3952 3834
3953 3835
3954 3832
3955 3838
3956 3839
3957 3836
3958 3837
3959 3842
3960 3843
3961 3840
3962 3841
3963 3931
3964 3845
3965 3846
3966 3844
3967 3848
3968 3849
3969 3850
3970 3847
3971 3932
3972 3852
3973 3853
3974 3851
3975 3855
3976 3856
3977 3857
3978 3854
3979 3933
3980 3860
3981 3858
3982 3859
3983 3862
3984 3863
3985 3864
3986 3861
3987 3934
3988 3867
3989 3865
3990 3866
3991 3870
3992 3871
3993 3868
3994 3869
3995 3935
3996 3874
3997 3872
3998 3873
3999 3876
4000 3877
4001 3878
4002 3875
4003 3936
4004 3880
4005 3881
4006 3879
4007 3883
4008 3884
4009 3885
4010 3882
4011 3937
4012 3888
4013 3886
4014 3887
4015 3890
4016 3891
4017 3892
4018 3889
4019 3938
4020 3895
4021 3893
4022 3894
4023 3898
4024 3899
4025 3896
4026 3897
4027 3939
4028 3902
4029 3900
4030 3901
4031 3905
4032 3906
4033 3903
4034 3904
4035 3940
4036 3908
4037 3909
4038 3907
4039 3911
4040 3912
4041 3913
4042 3910
4043 3941
4044 3916
4045 3914
4046 3915
4047 3918
4048 3919
4049 3920
4050 3917
4051 3928
4052 3926
4053 3923
4054 3921
4055 3922
4056 3942
4057 3927
4058 3924
4059 3925
4060 3963
4061 3964
4062 3952
4063 3962
4064 3949
4065 3946
4066 3948
4067 3960
4068 3943
4069 3959
4070 3955
4071 3957
4072 3966
4073 3969
4074 3953
4075 3954
4076 3950
4077 3951
4078 3961
4079 3947
4080 3944
4081 3945
4082 3958
4083 3967
4084 3956
4085 3965
4086 4356
4087 3970
4088 3978
4089 3968
4090 3977
4091 3980
4092 3976
4093 3974
4094 3975
4095 3979
4096 3973
4097 3971
4098 3972
4099 3982
4100 3983
4101 3990
4102 3981
4103 3989
4104 3993
4105 3988
4106 3986
4107 3987
4108 3992
4109 3985
4110 3991
4111 3984
4112 4901
4113 3996
4114 3994
4115 3995
4116 4003
4117 4005
4118 4002
4119 4004
4120 4001
4121 3999
4122 4000
4123 3997
4124 3998
4125 4007
4126 4008
4127 4016
4128 4006
4129 4015
4130 4013
4131 4014
4132 4018
4133 4012
4134 4010
4135 4011
4136 4017
4137 4009
4138 4355
4139 4021
4140 4019
4141 4020
4142 4028
4143 4030
4144 4027
4145 4029
4146 4026
4147 4024
4148 4025
4149 4022
4150 4023
4151 4033
4152 4034
4153 4031
4154 4032
4155 4040
4156 4043
4157 4039
4158 4042
4159 4038
4160 4036
4161 4037
4162 4041
4163 4035
4164 4046
4165 4047
4166 4044
4167 4045
4168 4053
4169 4051
4170 4052
4171 4056
4172 4050
4173 4055
4174 4049
4175 4054
4176 4048
4177 4070
4178 4058
4179 4066
4180 4057
4181 4065
4182 4068
4183 4064
4184 4062
4185 4063
4186 4060
4187 4061
4188 4067
4189 4059
4190 4354
4191 4071
4192 4079
4193 4069
4194 4078
4195 4081
4196 4077
4197 4075
4198 4076
4199 4080
4200 4074
4201 4072
4202 4073
4203 4083
4204 4084
4205 4091
4206 4082
4207 4090
4208 4094
4209 4089
4210 4087
4211 4088
4212 4093
4213 4086
4214 4092
4215 4085
4216 4902
4217 4097
4218 4095
4219 4096
4220 4103
4221 4106
4222 4102
4223 4105
4224 4101
4225 4104
4226 4100
4227 4098
4228 4099
4229 4108
4230 4109
4231 4117
4232 4107
4233 4116
4234 4114
4235 4115
4236 4112
4237 4113
4238 4119
4239 4111
4240 4118
4241 4110
4242 4353
4243 4122
4244 4120
4245 4121
4246 4129
4247 4131
4248 4128
4249 4130
4250 4127
4251 4125
4252 4126
4253 4123
4254 4124
4255 4134
4256 4135
4257 4132
4258 4133
4259 4141
4260 4144
4261 4140
4262 4143
4263 4139
4264 4137
4265 4138
4266 4142
4267 4136
4268 4147
4269 4148
4270 4145
4271 4146
4272 4154
4273 4152
4274 4153
4275 4157
4276 4151
4277 4156
4278 4150
4279 4155
4280 4149
4281 4171
4282 4159
4283 4168
4284 4158
4285 4167
4286 4169
4287 4166
4288 4164
4289 4165
4290 4162
4291 4163
4292 4160
4293 4161
4294 4352
4295 4172
4296 4180
4297 4170
4298 4179
4299 4182
4300 4178
4301 4176
4302 4177
4303 4181
4304 4175
4305 4173
4306 4174
4307 4184
4308 4185
4309 4192
4310 4183
4311 4191
4312 4195
4313 4190
4314 4188
4315 4189
4316 4194
4317 4187
4318 4193
4319 4186
4320 4903
4321 4197
4322 4206
4323 4196
4324 4205
4325 4207
4326 4204
4327 4202
4328 4203
4329 4200
4330 4201
4331 4198
4332 4199
4333 4209
4334 4210
4335 4218
4336 4208
4337 4217
4338 4215
4339 4216
4340 4213
4341 4214
4342 4220
4343 4212
4344 4219
4345 4211
4346 4348
4347 4351
4348 4223
4349 4221
4350 4222
4351 4231
4352 4229
4353 4230
4354 4232
4355 4228
4356 4226
4357 4227
4358 4224
4359 4225
4360 4235
4361 4236
4362 4233
4363 4234
4364 4243
4365 4241
4366 4242
4367 4245
4368 4240
4369 4238
4370 4239
4371 4244
4372 4237
4373 4248
4374 4249
4375 4246
4376 4247
4377 4256
4378 4254
4379 4255
4380 4258
4381 4253
4382 4257
4383 4252
4384 4250
4385 4251
4386 4272
4387 4260
4388 4268
4389 4259
4390 4267
4391 4270
4392 4266
4393 4264
4394 4265
4395 4262
4396 4263
4397 4269
4398 4261
4399 4350
4400 4273
4401 4282
4402 4271
4403 4281
4404 4279
4405 4280
4406 4277
4407 4278
4408 4283
4409 4276
4410 4274
4411 4275
4412 4285
4413 4286
4414 4294
4415 4284
4416 4293
4417 4291
4418 4292
4419 4289
4420 4290
4421 4296
4422 4288
4423 4295
4424 4287
4425 4310
4426 4299
4427 4297
4428 4298
4429 4307
4430 4308
4431 4306
4432 4304
4433 4305
4434 4302
4435 4303
4436 4300
4437 4301
4438 4324
4439 4311
4440 4319
4441 4309
4442 4318
4443 4316
4444 4317
4445 4314
4446 4315
4447 4321
4448 4313
4449 4320
4450 4312
4451 4349
4452 4325
4453 4322
4454 4323
4455 4332
4456 4334
4457 4331
4458 4333
4459 4330
4460 4328
4461 4329
4462 4326
4463 4327
4464 4337
4465 4338
4466 4335
4467 4336
4468 4344
4469 4347
4470 4343
4471 4346
4472 4342
4473 4340
4474 4341
4475 4345
4476 4339
4477 4471
4478 4362
4479 4357
4480 4361
4481 4363
4482 4358
4483 4359
4484 4360
4485 4473
4486 4365
4487 4366
4488 4364
4489 4368
4490 4369
4491 4370
4492 4367
4493 4474
4494 4373
4495 4371
4496 4372
4497 4375
4498 4376
4499 4377
4500 4374
4501 4475
4502 4380
4503 4378
4504 4379
4505 4383
4506 4384
4507 4381
4508 4382
4509 4476
4510 4387
4511 4385
4512 4386
4513 4390
4514 4391
4515 4388
4516 4389
4517 4396
4518 4393
4519 4394
4520 4392
4521 4401
4522 4397
4523 4398
4524 4395
4525 4477
4526 4402
4527 4399
4528 4400
4529 4404
4530 4405
4531 4406
4532 4403
4533 4412
4534 4409
4535 4407
4536 4408
4537 4478
4538 4413
4539 4410
4540 4411
4541 4416
4542 4417
4543 4414
4544 4415
4545 4479
4546 4419
4547 4420
4548 4418
4549 4422
4550 4423
4551 4424
4552 4421
4553 4426
4554 4427
4555 4428
4556 4425
4557 4480
4558 4431
4559 4429
4560 4430
4561 4433
4562 4434
4563 4435
4564 4432
4565 4481
4566 4438
4567 4436
4568 4437
4569 4441
4570 4442
4571 4439
4572 4440
4573 4482
4574 4444
4575 4445
4576 4443
4577 4447
4578 4448
4579 4449
4580 4446
4581 4483
4582 4451
4583 4452
4584 4450
4585 4454
4586 4455
4587 4456
4588 4453
4589 4484
4590 4459
4591 4457
4592 4458
4593 4461
4594 4462
4595 4463
4596 4460
4597 4472
4598 4485
4599 4466
4600 4464
4601 4465
4602 4469
4603 4470
4604 4467
4605 4468
4606 4506
4607 4507
4608 4495
4609 4505
4610 4492
4611 4489
4612 4491
4613 4503
4614 4486
4615 4502
4616 4510
4617 4498
4618 4508
4619 4512
4620 4496
4621 4497
4622 4493
4623 4494
4624 4504
4625 4490
4626 4487
4627 4488
4628 4501
4629 4499
4630 4500
4631 4509
4632 4899
4633 4513
4634 4522
4635 4511
4636 4521
4637 4519
4638 4520
4639 4517
4640 4518
4641 4523
4642 4516
4643 4514
4644 4515
4645 4525
4646 4526
4647 4534
4648 4524
4649 4533
4650 4531
4651 4532
4652 4529
4653 4530
4654 4536
4655 4528
4656 4535
4657 4527
4658 4904
4659 4538
4660 4546
4661 4537
4662 4545
4663 4548
4664 4544
4665 4547
4666 4543
4667 4541
4668 4542
4669 4539
4670 4540
4671 4550
4672 4551
4673 4559
4674 4549
4675 4558
4676 4556
4677 4557
4678 4554
4679 4555
4680 4561
4681 4553
4682 4560
4683 4552
4684 4898
4685 4564
4686 4562
4687 4563
4688 4572
4689 4570
4690 4571
4691 4573
4692 4569
4693 4567
4694 4568
4695 4565
4696 4566
4697 4576
4698 4577
4699 4574
4700 4575
4701 4584
4702 4582
4703 4583
4704 4586
4705 4581
4706 4579
4707 4580
4708 4585
4709 4578
4710 4589
4711 4590
4712 4587
4713 4588
4714 4597
4715 4595
4716 4596
4717 4599
4718 4594
4719 4598
4720 4593
4721 4591
4722 4592
4723 4613
4724 4601
4725 4610
4726 4600
4727 4609
4728 4611
4729 4608
4730 4606
4731 4607
4732 4604
4733 4605
4734 4602
4735 4603
4736 4897
4737 4614
4738 4623
4739 4612
4740 4622
4741 4620
4742 4621
4743 4618
4744 4619
4745 4624
4746 4617
4747 4615
4748 4616
4749 4626
4750 4627
4751 4635
4752 4625
4753 4634
4754 4632
4755 4633
4756 4630
4757 4631
4758 4637
4759 4629
4760 4636
4761 4628
4762 4905
4763 4640
4764 4638
4765 4639
4766 4647
4767 4649
4768 4646
4769 4644
4770 4645
4771 4648
4772 4643
4773 4641
4774 4642
4775 4651
4776 4652
4777 4660
4778 4650
4779 4659
4780 4657
4781 4658
4782 4655
4783 4656
4784 4662
4785 4654
4786 4661
4787 4653
4788 4896
4789 4665
4790 4663
4791 4664
4792 4673
4793 4671
4794 4672
4795 4674
4796 4670
4797 4668
4798 4669
4799 4666
4800 4667
4801 4677
4802 4678
4803 4675
4804 4676
4805 4685
4806 4683
4807 4684
4808 4687
4809 4682
4810 4680
4811 4681
4812 4686
4813 4679
4814 4690
4815 4691
4816 4688
4817 4689
4818 4698
4819 4696
4820 4697
4821 4700
4822 4695
4823 4699
4824 4694
4825 4692
4826 4693
4827 4714
4828 4702
4829 4710
4830 4701
4831 4709
4832 4712
4833 4708
4834 4706
4835 4707
4836 4704
4837 4705
4838 4711
4839 4703
4840 4895
4841 4715
4842 4724
4843 4713
4844 4723
4845 4721
4846 4722
4847 4719
4848 4720
4849 4725
4850 4718
4851 4716
4852 4717
4853 4727
4854 4728
4855 4736
4856 4726
4857 4735
4858 4733
4859 4734
4860 4731
4861 4732
4862 4738
4863 4730
4864 4737
4865 4729
4866 4741
4867 4742
4868 4739
4869 4740
4870 4750
4871 4751
4872 4749
4873 4747
4874 4748
4875 4745
4876 4746
4877 4743
4878 4744
4879 4753
4880 4754
4881 4762
4882 4752
4883 4761
4884 4759
4885 4760
4886 4764
4887 4758
4888 4756
4889 4757
4890 4763
4891 4755
4892 4891
4893 4894
4894 4767
4895 4765
4896 4766
4897 4774
4898 4776
4899 4773
4900 4775
4901 4772
4902 4770
4903 4771
4904 4768
4905 4769
4906 4779
4907 4780
4908 4777
4909 4778
4910 4786
4911 4789
4912 4785
4913 4788
4914 4784
4915 4782
4916 4783
4917 4787
4918 4781
4919 4792
4920 4793
4921 4790
4922 4791
4923 4800
4924 4798
4925 4799
4926 4802
4927 4797
4928 4801
4929 4796
4930 4794
4931 4795
4932 4816
4933 4804
4934 4812
4935 4803
4936 4811
4937 4814
4938 4810
4939 4808
4940 4809
4941 4806
4942 4807
4943 4813
4944 4805
4945 4893
4946 4817
4947 4825
4948 4815
4949 4824
4950 4827
4951 4823
4952 4821
4953 4822
4954 4826
4955 4820
4956 4818
4957 4819
4958 4829
4959 4830
4960 4837
4961 4828
4962 4836
4963 4840
4964 4835
4965 4833
4966 4834
4967 4839
4968 4832
4969 4838
4970 4831
4971 4906
4972 4843
4973 4841
4974 4842
4975 4849
4976 4852
4977 4848
4978 4851
4979 4847
4980 4850
4981 4846
4982 4844
4983 4845
4984 4855
4985 4856
4986 4853
4987 4854
4988 4862
4989 4860
4990 4861
4991 4865
4992 4859
4993 4864
4994 4858
4995 4863
4996 4857
4997 4892
4998 4868
4999 4866
5000 4867
5001 4876
5002 4874
5003 4875
5004 4877
5005 4873
5006 4871
5007 4872
5008 4869
5009 4870
5010 4880
5011 4881
5012 4878
5013 4879
5014 4888
5015 4886
5016 4887
5017 4890
5018 4885
5019 4883
5020 4884
5021 4889
5022 4882
