0 0
570 4907
571 3493
572 2237
573 4908
584 4909
585 4910
586 4912
587 4911
588 4915
589 4913
590 4914
591 4916
592 4917
593 4918
594 4921
595 4919
596 4920
597 4922
598 4923
599 4924
600 4926
601 4925
602 4929
603 4927
604 4928
605 4930
606 4933
607 4931
608 4932
609 4934
610 4937
611 4935
612 4936
613 4938
614 4939
615 4940
616 4942
617 4941
618 4945
619 4943
620 4944
621 4946
622 4949
623 4947
624 4948
625 4950
626 4953
627 4951
628 4952
629 4954
630 4957
631 4955
632 4956
633 4958
634 4959
635 4960
636 4962
637 4961
638 4963
639 4964
640 4966
641 4965
642 4969
643 4967
644 4968
645 4970
646 4971
647 4972
648 4975
649 4973
650 4974
651 4976
652 4977
653 4978
654 4981
655 4979
656 4980
657 4982
658 4985
659 4983
660 4984
661 4986
662 4989
663 4987
664 4988
665 4990
666 4991
667 4992
668 4993
669 4994
670 4996
671 4995
672 4997
673 4998
674 5000
675 4999
676 5001
677 5002
678 5003
679 5004
680 5005
681 5006
682 5008
683 5007
684 5011
685 5009
686 5010
687 5012
688 5014
689 5013
690 5015
691 5017
692 5016
693 5019
694 5018
695 5020
696 5021
697 5022
698 5023
699 5024
700 5025
701 5026
702 5027
703 5028
704 5029
705 5030
706 5033
707 5031
708 5032
709 5034
710 5035
711 5036
712 5037
713 5038
714 5040
715 5039
716 5041
717 5042
718 5044
719 5043
720 5046
721 5045
722 5049
723 5047
724 5048
725 5050
726 5053
727 5051
728 5052
729 5054
730 5057
731 5055
732 5056
733 5058
734 5059
735 5060
736 5061
737 5062
738 5065
739 5063
740 5064
741 5066
742 5068
743 5067
744 5069
745 5072
746 5070
747 5071
748 5073
749 5076
750 5074
751 5075
752 5077
753 5078
754 5079
755 5081
756 5080
757 5082
758 5083
759 5085
760 5084
761 5088
762 5086
763 5087
764 5089
765 5092
766 5090
767 5091
768 5093
769 5096
770 5094
771 5095
772 5097
773 5100
774 5098
775 5099
776 5101
777 5104
778 5102
779 5103
780 5105
781 5107
782 5106
783 5108
784 5109
785 5110
786 5112
787 5111
788 5114
789 5113
790 5117
791 5115
792 5116
793 5118
794 5119
795 5120
796 5123
797 5121
798 5122
799 5124
800 5125
801 5126
802 5127
803 5130
804 5128
805 5129
806 5131
807 5134
808 5132
809 5133
810 5135
811 5138
812 5136
813 5137
814 5139
815 5141
816 5140
817 5142
818 5143
819 5144
820 5145
821 5146
822 5147
823 5148
824 2313
825 2930
826 2931
827 3505
828 2920
830 5149
831 5150
832 5153
833 5151
834 5152
835 5154
836 5157
837 5155
838 5156
839 5158
840 5159
841 5160
842 5162
843 5161
844 5163
845 5164
846 5165
847 5166
848 5167
849 5169
850 5168
851 5172
852 5170
853 5171
854 5173
855 5176
856 5174
857 5175
858 5179
859 5177
860 5178
861 5180
862 5183
863 5181
864 5182
865 5184
866 5187
867 5185
868 5186
869 5188
870 5189
871 5190
872 5192
873 5191
874 5195
875 5193
876 5194
877 5196
878 5199
879 5197
880 5198
881 5200
882 5201
883 5202
884 5204
885 5203
886 5205
887 5206
888 5209
889 5207
890 5208
891 5212
892 5210
893 5211
894 5213
895 5214
896 5215
897 5218
898 5216
899 5217
900 5219
901 5220
902 5222
903 5221
904 5223
905 5224
906 5225
907 5226
908 5229
909 5227
910 5228
911 5230
912 5233
913 5231
914 5232
915 5234
916 5235
917 5236
918 5237
919 5238
920 5239
921 5242
922 5240
923 5241
924 5243
925 5244
926 5245
927 5248
928 5246
929 5247
930 5250
931 5249
932 5251
933 5254
934 5252
935 5253
936 5255
937 5256
938 5258
939 5257
940 5259
941 5260
942 5261
943 5262
944 5263
945 5264
946 5265
947 5267
948 5266
949 5270
950 5268
951 5269
952 5271
953 5274
954 5272
955 5273
956 5275
957 5276
958 5279
959 5277
960 5278
961 5280
962 5281
963 5282
964 5283
965 5286
966 5284
967 5285
968 5287
969 5290
970 5288
971 5289
972 5291
973 5292
974 5293
975 5296
976 5294
977 5295
978 5297
979 5299
980 5298
981 5300
982 5301
983 5303
984 5302
985 5304
986 5305
987 5308
988 5306
989 5307
990 5309
991 5312
992 5310
993 5311
994 5313
995 5316
996 5314
997 5315
998 5317
999 5320
1000 5318
1001 5319
1002 5321
1003 5324
1004 5322
1005 5323
1006 5325
1007 5326
1008 5327
1009 5328
1010 5329
1011 5331
1012 5330
1013 5332
1014 5333
1015 5335
1016 5334
1017 5338
1018 5336
1019 5337
1020 5339
1021 5340
1022 5341
1023 5342
1024 5343
1025 5344
1026 5345
1027 5346
1028 5347
1029 5348
1030 5349
1031 5351
1032 5350
1033 5352
1034 5353
1035 5354
1036 5355
1037 5356
1038 5357
1039 5358
1040 5359
1041 5361
1042 5360
1043 5362
1044 5363
1045 5365
1046 5364
1047 5366
1048 5367
1049 5368
1050 5369
1051 5370
1052 5371
1053 5372
1054 5373
1055 5374
1056 5377
1057 5375
1058 5376
1059 5378
1060 5381
1061 5379
1062 5380
1063 5382
1064 5383
1065 5384
1066 5385
1067 5386
1068 5387
1069 5388
1070 5389
1071 5391
1072 5390
1073 5392
1074 5395
1075 5393
1076 5394
1077 5396
1078 5397
1079 5398
1080 5399
1081 5400
1082 5403
1083 5401
1084 5402
1085 5404
1086 5407
1087 5405
1088 5406
1089 5408
1090 5411
1091 5409
1092 5410
1093 5412
1094 5415
1095 5413
1096 5414
1097 5416
1098 5417
1099 5418
1100 5420
1101 5419
1102 5421
1103 5422
1104 5425
1105 5423
1106 5424
1107 5426
1108 5429
1109 5427
1110 5428
1111 5430
1112 5433
1113 5431
1114 5432
1115 5434
1116 5437
1117 5435
1118 5436
1119 5438
1120 5440
1121 5439
1122 5441
1123 5442
1124 5443
1125 5444
1126 5446
1127 5445
1128 5449
1129 5447
1130 5448
1131 5450
1132 5453
1133 5451
1134 5452
1135 5454
1136 5455
1137 5458
1138 5456
1139 5457
1140 5459
1141 5461
1142 5460
1143 5463
1144 5462
1145 5464
1146 5465
1147 5466
1148 5467
1149 5468
1150 5469
1151 5471
1152 5470
1153 5472
1154 5474
1155 5473
1156 5475
1157 5476
1158 5477
1159 5480
1160 5478
1161 5479
1162 5481
1163 5484
1164 5482
1165 5483
1166 5485
1167 5486
1168 5487
1169 5488
1170 5489
1171 5490
1172 5491
1173 5493
1174 5492
1175 5496
1176 5494
1177 5495
1178 5497
1179 5498
1180 5499
1181 5500
1182 5501
1183 5502
1184 5505
1185 5503
1186 5504
1187 5506
1188 5507
1189 5508
1190 5511
1191 5509
1192 5510
1193 5512
1194 5513
1195 5514
1196 5516
1197 5515
1198 5518
1199 5517
1200 5519
1201 5521
1202 5520
1203 5522
1204 5523
1205 5524
1206 5525
1207 5526
1208 5527
1209 5528
1210 5529
1211 5530
1212 5531
1213 5532
1214 5533
1215 5536
1216 5534
1217 5535
1218 5537
1219 5538
1220 5539
1221 5542
1222 5540
1223 5541
1224 5545
1225 5543
1226 5544
1227 5546
1228 5547
1229 5548
1230 5549
1231 5552
1232 5550
1233 5551
1234 5553
1235 5555
1236 5554
1237 5556
1238 5559
1239 5557
1240 5558
1241 5560
1242 5563
1243 5561
1244 5562
1245 5564
1246 5565
1247 5566
1248 5569
1249 5567
1250 5568
1251 5570
1252 5572
1253 5571
1254 5573
1255 5574
1256 5576
1257 5575
1258 5579
1259 5577
1260 5578
1261 5580
1262 5581
1263 5582
1264 5585
1265 5583
1266 5584
1267 5586
1268 5588
1269 5587
1270 5589
1271 5590
1272 5592
1273 5591
1274 5593
1275 5595
1276 5594
1277 5596
1278 5597
1279 3492
1280 3497
1281 5598
1282 5599
1283 5602
1284 5600
1285 5601
1286 5603
1287 5604
1288 5605
1289 5606
1290 5607
1291 5609
1292 5608
1293 5612
1294 5610
1295 5611
1296 5613
1297 5614
1298 5615
1299 5616
1300 5617
1301 5620
1302 5618
1303 5619
1304 5621
1305 5622
1306 5623
1307 5624
1308 5625
1309 5626
1310 5627
1311 5628
1312 3490
1313 3496
1314 5629
1315 5630
1316 5631
1317 5632
1318 5633
1319 3491
1321 5635
1322 5634
1323 5636
1324 5637
1325 5640
1326 5638
1327 5639
1328 5641
1329 5643
1330 5642
1332 5646
1333 5644
1334 5645
1335 5647
1336 5648
1337 5649
1338 5650
1339 5651
1340 5652
1341 5653
1342 5655
1343 5654
1344 5656
1345 5657
1346 5658
1347 5659
1348 5660
1349 5662
1350 5661
1351 5663
1352 5664
1353 5665
1354 5666
1355 5669
1356 5667
1357 5668
1358 5670
1359 5671
1360 5672
1361 5673
1362 5676
1363 5674
1364 5675
1365 5678
1366 5677
1367 5679
1368 5680
1369 5681
1370 5682
1371 5683
1372 5684
1373 5685
1374 5687
1375 5686
1376 5690
1377 5688
1378 5689
1379 5691
1380 5694
1381 5692
1382 5693
1383 5695
1384 5697
1385 5696
1386 5698
1387 5701
1388 5699
1389 5700
1390 5702
1391 5705
1392 5703
1393 5704
1394 5706
1395 5709
1396 5707
1397 5708
1398 5710
1399 5711
1400 5712
1401 5715
1402 5713
1403 5714
1404 5716
1405 5719
1406 5717
1407 5718
1408 5720
1409 5723
1410 5721
1411 5722
1412 5724
1413 5725
1414 5726
1415 5728
1416 5727
1417 5729
1418 5730
1419 5731
1420 5733
1421 5732
1422 5734
1423 5735
1424 5736
1425 5737
1426 5738
1427 5739
1428 5740
1429 5741
1430 5742
1431 5743
1432 5745
1433 5744
1434 5748
1435 5746
1436 5747
1437 5749
1438 5752
1439 5750
1440 5751
1441 5753
1442 5754
1443 5755
1444 5757
1445 5756
1446 5758
1447 5759
1448 5760
1449 5761
1450 5762
1451 5763
1452 5764
1453 5765
1454 5766
1455 5767
1456 5768
1457 5771
1458 5769
1459 5770
1460 5772
1461 5773
1462 5774
1463 5775
1464 5776
1465 5778
1466 5777
1467 5779
1468 5780
1469 5781
1470 5782
1471 5783
1472 5784
1473 5785
1474 5786
1475 5787
1476 5788
1477 5789
1478 5790
1479 5791
1480 5792
1481 5793
1482 5794
1483 5797
1484 5795
1485 5796
1486 5798
1487 5801
1488 5799
1489 5800
1490 5802
1491 5803
1492 5804
1493 5807
1494 5805
1495 5806
1496 5808
1497 5809
1498 5810
1499 5811
1500 5812
1501 5813
1502 5814
1503 5816
1504 5815
1505 5818
1506 5817
1507 5819
1508 5821
1509 5820
1510 5822
1511 5825
1512 5823
1513 5824
1514 5826
1515 5827
1516 5828
1517 5829
1518 5830
1519 5831
1520 5832
1521 5833
1522 5834
1523 5835
1524 5836
1525 5838
1526 5837
1527 5839
1528 5840
1529 5841
1530 5842
1531 5843
1532 5844
1533 5845
1534 5846
1535 5847
1536 5849
1537 5848
1538 5850
1539 5851
1540 5852
1541 5854
1542 5853
1543 5855
1544 5857
1545 5856
1546 5860
1547 5858
1548 5859
1549 5861
1550 5863
1551 5862
1552 5866
1553 5864
1554 5865
1555 5867
1556 5870
1557 5868
1558 5869
1559 5871
1560 5874
1561 5872
1562 5873
1563 5875
1564 5878
1565 5876
1566 5877
1567 5879
1568 5882
1569 5880
1570 5881
1571 5883
1572 5886
1573 5884
1574 5885
1575 5887
1576 5888
1577 5889
1578 5892
1579 5890
1580 5891
1581 5893
1582 5896
1583 5894
1584 5895
1585 5897
1586 5899
1587 5898
1588 5900
1589 5903
1590 5901
1591 5902
1592 5904
1593 5907
1594 5905
1595 5906
1596 5908
1597 5910
1598 5909
1599 5913
1600 5911
1601 5912
1602 5914
1603 5917
1604 5915
1605 5916
1606 5918
1607 5919
1608 5920
1609 5923
1610 5921
1611 5922
1612 5924
1613 5927
1614 5925
1615 5926
1616 5928
1617 5930
1618 5929
1619 5933
1620 5931
1621 5932
1622 5934
1623 5937
1624 5935
1625 5936
1626 5938
1627 5941
1628 5939
1629 5940
1630 5942
1631 5945
1632 5943
1633 5944
1634 5946
1635 5947
1636 5948
1637 5950
1638 5949
1639 5953
1640 5951
1641 5952
1642 5954
1643 5955
1644 5956
1645 5959
1646 5957
1647 5958
1648 5960
1649 5963
1650 5961
1651 5962
1652 5964
1653 5967
1654 5965
1655 5966
1656 5968
1657 5971
1658 5969
1659 5970
1660 5972
1661 5973
1662 5974
1663 5976
1664 5975
1665 5977
1666 5978
1667 5981
1668 5979
1669 5980
1670 5982
1671 5983
1672 5984
1673 5985
1674 5986
1675 5989
1676 5987
1677 5988
1678 5990
1679 5991
1680 5992
1681 5993
1682 5994
1683 5995
1684 5996
1685 5999
1686 5997
1687 5998
1688 6000
1689 6001
1690 6002
1691 6003
1692 6004
1693 6005
1694 6007
1695 6006
1696 6010
1697 6008
1698 6009
1699 6011
1700 6012
1701 6014
1702 6013
1703 6017
1704 6015
1705 6016
1706 6018
1707 6019
1708 6020
1709 6021
1710 6022
1711 6024
1712 6023
1713 6025
1714 6026
1715 6027
1716 6028
1717 6031
1718 6029
1719 6030
1720 6032
1721 6034
1722 6033
1723 6036
1724 6035
1725 6037
1726 6039
1727 6038
1728 6041
1729 6040
1730 6042
1731 6044
1732 6043
1733 6045
1734 6047
1735 6046
1736 6048
1737 6049
1738 6050
1739 6051
1740 6052
1741 6053
1742 6054
1743 6055
1744 6056
1745 6057
1746 6058
1747 6059
1748 6060
1749 6061
1750 6062
1751 6063
1752 6064
1753 6065
1754 6067
1755 6066
1756 6068
1757 6070
1758 6069
1759 6071
1760 6072
1761 6073
1762 6074
1763 6075
1767 6076
1768 6077
1769 6078
1779 6081
1780 6079
1781 6080
1782 6082
1783 6084
1784 6083
1785 6085
1786 6086
1787 6087
1788 6089
1789 6088
1790 6091
1791 6090
1792 6092
1793 6093
1794 6094
1795 6095
1796 6096
1797 6097
1798 6098
1799 6101
1800 6099
1801 6100
1802 6102
1803 6103
1804 6104
1805 6105
1806 6106
1807 6107
1808 6108
1809 6109
1810 6111
1811 6110
1812 6114
1813 6112
1814 6113
1815 6115
1816 6116
1817 6117
1818 6118
1819 6119
1820 6120
1821 6123
1822 6121
1823 6122
1824 6124
1825 6127
1826 6125
1827 6126
1828 6128
1829 6131
1830 6129
1831 6130
1832 6132
1833 6133
1834 6134
1835 6135
1836 6136
1837 6137
1838 6139
1839 6138
1840 6140
1841 6141
1842 6142
1843 6143
1844 6144
1845 6147
1846 6145
1847 6146
1848 6148
1849 6149
1850 6152
1851 6150
1852 6151
1853 6153
1854 6154
1855 6155
1856 6157
1857 6156
1858 6158
1859 6159
1860 6160
1861 6163
1862 6161
1863 6162
1864 6164
1865 6166
1866 6165
1867 6167
1868 6168
1869 6169
1870 6170
1871 6171
1872 6172
1873 6173
1874 6174
1875 6175
1876 6176
1877 6177
1878 6178
1879 6179
1880 6180
1881 6181
1882 6183
1883 6182
1884 6186
1885 6184
1886 6185
1887 6187
1888 6188
1889 6189
1890 6190
1891 6191
1892 6192
1893 6194
1894 6193
1895 6195
1896 6196
1897 6197
1898 6198
1899 6199
1900 6200
1901 6202
1902 6201
1903 6203
1904 6204
1909 6205
1910 6206
1911 6207
1912 6208
1913 6209
1914 6210
1915 6211
1916 6212
1917 6213
1918 6216
1919 6214
1920 6215
1921 6217
1922 6219
1923 6218
1924 6220
1925 6221
1926 6222
1927 6225
1928 6223
1929 6224
1930 6226
1931 6227
1932 6228
1933 6230
1934 6229
1935 6233
1936 6231
1937 6232
1938 6234
1939 6237
1940 6235
1941 6236
1942 6238
1943 6240
1944 6239
1945 6241
1946 6242
1947 6243
1948 6244
1949 6245
1950 6246
1951 6248
1952 6247
1953 6251
1954 6249
1955 6250
1956 6253
1957 6252
1958 6255
1959 6254
1960 6258
1961 6256
1962 6257
1963 6259
1964 6260
1965 6261
1966 6262
1967 6264
1968 6263
1969 6265
1970 6266
1971 6267
1972 6270
1973 6268
1974 6269
1975 6271
1976 6274
1977 6272
1978 6273
1979 6275
1980 6276
1981 6279
1982 6277
1983 6278
1984 6280
1985 6281
1986 6282
1987 6284
1988 6283
1989 6285
1990 6286
1991 6288
1992 6287
1993 6289
1994 6290
1995 6291
1996 6292
1997 6295
1998 6293
1999 6294
2000 6296
2001 6299
2002 6297
2003 6298
2004 6300
2005 6303
2006 6301
2007 6302
2008 6304
2009 6307
2010 6305
2011 6306
2012 6308
2013 6309
2014 6310
2015 6312
2016 6311
2017 6313
2018 6314
2019 6316
2020 6315
2021 6317
2022 6319
2023 6318
2024 6320
2025 6321
2026 6322
2027 6325
2028 6323
2029 6324
2030 6326
2031 6329
2032 6327
2033 6328
2034 6330
2035 6331
2036 6332
2037 6335
2038 6333
2039 6334
2040 6336
2041 6337
2042 6338
2043 6341
2044 6339
2045 6340
2046 6342
2047 6345
2048 6343
2049 6344
2050 6346
2051 6349
2052 6347
2053 6348
2054 6350
2055 6353
2056 6351
2057 6352
2058 6354
2059 6355
2060 6356
2061 6359
2062 6357
2063 6358
2064 6360
2065 6361
2066 6362
2067 6364
2068 6363
2069 6365
2070 6366
2071 6367
2072 6369
2073 6368
2074 6370
2075 6371
2076 6372
2077 6375
2078 6373
2079 6374
2080 6376
2081 6377
2082 6378
2083 6380
2084 6379
2085 6381
2086 6382
2087 6384
2088 6383
2089 6385
2090 6388
2091 6386
2092 6387
2093 6389
2094 6391
2095 6390
2096 6392
2097 6393
2098 6395
2099 6394
2100 6396
2101 6397
2102 6399
2103 6398
2104 6400
2105 6401
2106 6403
2107 6402
2108 6404
2109 6407
2110 6405
2111 6406
2112 6408
2113 6411
2114 6409
2115 6410
2116 6412
2117 6413
2118 6414
2119 6415
2120 6416
2121 6417
2122 6418
2123 6419
2124 6420
2125 6422
2126 6421
2127 6425
2128 6423
2129 6424
2130 6426
2131 6427
2132 6428
2133 6429
2134 6431
2135 6430
2136 6433
2137 6432
2138 6434
2139 6437
2140 6435
2141 6436
2142 6438
2143 6439
2144 6440
2145 6441
2146 6442
2147 6443
2148 6444
2149 6445
2150 6446
2151 6447
2152 6450
2153 6448
2154 6449
2155 6451
2156 6454
2157 6452
2158 6453
2159 6455
2160 6458
2161 6456
2162 6457
2163 6459
2164 6460
2165 6461
2166 6464
2167 6462
2168 6463
2169 6465
2170 6467
2171 6466
2172 6468
2173 6469
2174 6470
2175 6471
2176 6472
2177 6473
2178 6474
2179 6475
2180 6476
2181 6477
2182 6480
2183 6478
2184 6479
2185 6481
2186 6482
2187 6483
2188 6484
2189 6485
2190 6487
2191 6486
2192 6488
2193 6489
2194 6490
2195 6492
2196 6491
2197 6493
2198 6494
2199 6495
2200 6496
2201 6497
2202 6498
2203 6499
2204 6500
2205 6501
2206 6502
2207 6503
2208 6505
2209 6504
2210 6506
2211 6507
2212 6508
2213 6509
2214 6510
2215 6511
2216 6512
2217 6514
2218 6513
2219 6515
2220 6516
2221 6517
2222 6518
2223 6519
2224 6520
2225 6521
2226 6522
2227 6523
2228 6524
2229 6525
2230 6526
2231 6527
2232 6528
2233 6529
2234 6531
2235 6530
2236 6532
2237 6533
2238 6534
2239 6535
2240 6536
2241 6537
2242 6538
2243 6539
2244 6540
2245 6541
2246 6542
2247 6543
2248 6544
2249 6545
2250 6548
2251 6546
2252 6547
2253 6549
2254 6550
2255 6551
2256 6552
2257 6553
2258 6554
2259 6555
2260 6556
2261 6557
2262 6558
2263 6559
2264 6560
2265 6561
2266 6562
2267 6563
2268 6564
2269 6565
2270 6566
2271 6567
2272 6568
2273 6569
2274 6570
2275 6571
2276 6572
2277 6573
2278 6574
2279 6575
2280 6577
2281 6576
2282 6578
2283 6579
2284 6580
2285 6581
2286 6582
2287 6584
2288 6583
2289 6585
2290 6586
2291 6587
2292 6588
2293 6589
2294 6590
2295 6591
2296 6592
2297 6593
2298 6594
2299 6595
2300 6596
2301 6597
2302 6598
2303 6599
2304 6600
2305 6603
2306 6601
2307 6602
2308 6604
2309 6605
2310 6606
2311 6607
2312 6608
2313 6609
2314 6610
2315 6611
2316 6612
2317 6613
2318 6614
2319 6615
2320 6617
2321 6616
2322 6618
2323 6619
2324 6620
2325 6621
2326 6623
2327 6622
2328 6624
2329 6626
2330 6625
2331 6627
2332 6628
2333 6629
2334 6630
2335 6631
2336 6632
2337 6633
2338 6634
2339 6636
2340 6635
2341 6637
2342 6638
2343 6639
2344 6640
2345 6641
2346 6642
2347 6643
2348 6644
2349 6645
2350 6646
2351 6647
2352 6648
2353 6649
2354 6652
2355 6650
2356 6651
2357 6655
2358 6653
2359 6654
2360 6656
2361 6659
2362 6657
2363 6658
2364 6660
2365 6662
2366 6661
2367 6663
2368 6664
2369 6666
2370 6665
2371 6667
2372 6668
2373 6669
2374 6670
2375 6673
2376 6671
2377 6672
2378 6674
2379 6675
2380 6676
2381 6677
2382 6680
2383 6678
2384 6679
2385 6681
2386 6682
2387 6683
2388 6684
2389 6685
2390 6686
2391 6689
2392 6687
2393 6688
2394 6690
2395 6691
2396 6692
2397 6693
2398 6694
2399 6695
2400 6696
2401 6697
2402 6698
2403 6700
2404 6699
2405 6701
2406 6702
2407 6703
2408 6704
2409 6705
2410 6706
2411 6707
2412 6708
2413 6709
2414 6710
2415 6711
2416 6712
2417 6715
2418 6713
2419 6714
2420 6716
2421 6717
2422 6718
2423 6719
2424 6720
2425 6721
2426 6722
2427 6723
2428 6724
2429 6726
2430 6725
2431 6727
2432 6728
2433 6729
2434 6730
2435 6731
2436 6733
2437 6732
2438 6734
2439 6736
2440 6735
2441 6737
2442 6738
2443 6739
2444 6740
2445 6741
2446 6742
2447 6743
2448 6744
2449 6745
2450 6746
2451 6747
2452 6748
2453 6749
2454 6750
2455 6751
2456 6752
2457 6753
2458 6754
2459 6755
2460 6756
2461 6757
2462 6758
2463 6759
2464 6760
2465 6761
2466 6764
2467 6762
2468 6763
2469 6765
2470 6766
2471 6768
2472 6767
2473 6771
2474 6769
2475 6770
2476 6772
2477 6774
2478 6773
2479 6777
2480 6775
2481 6776
2482 6778
2483 6779
2484 6780
2485 6783
2486 6781
2487 6782
2488 6784
2489 6785
2490 6786
2491 6787
2492 6790
2493 6788
2494 6789
2495 6791
2496 6792
2497 6793
2498 6794
2499 6795
2500 6796
2501 6797
2502 6798
2503 6800
2504 6799
2505 6801
2506 6802
2507 6803
2508 6804
2509 6805
2510 6806
2511 6807
2512 6808
2513 6809
2514 6811
2515 6810
2516 6812
2517 6813
2518 6814
2519 6815
2520 6816
2521 6817
2522 6818
2523 6819
2524 6820
2525 6821
2526 6822
2527 6823
2528 6826
2529 6824
2530 6825
2531 6827
2532 6828
2533 6829
2534 6830
2535 6831
2536 6832
2537 6833
2538 6834
2539 6835
2540 6836
2541 6837
2542 6838
2543 6839
2544 6840
2545 6841
2546 6842
2547 6843
2548 6844
2549 6845
2550 6846
2551 6847
2552 6848
2553 6849
2554 6850
2555 6851
2556 6852
2557 6853
2558 6854
2559 6855
2560 6856
2561 6857
2562 6859
2563 6858
2564 6860
2565 6861
2566 6862
2567 6863
2568 6864
2569 6865
2570 6866
2571 6867
2572 6868
2573 6869
2574 6870
2575 6871
2576 6872
2577 6875
2578 6873
2579 6874
2580 6876
2581 6879
2582 6877
2583 6878
2584 6880
2585 6883
2586 6881
2587 6882
2588 6884
2589 6886
2590 6885
2591 6889
2592 6887
2593 6888
2594 6890
2595 6891
2596 6892
2597 6894
2598 6893
2599 6895
2600 6896
2601 6897
2602 6898
2603 6900
2604 6899
2605 6901
2606 6902
2607 6904
2608 6903
2609 6905
2610 6906
2611 6907
2612 6909
2613 6908
2614 6910
2615 6911
2616 6912
2617 6914
2618 6913
2619 6917
2620 6915
2621 6916
2622 6918
2623 6919
2624 6920
2625 6921
2626 6922
2627 6923
2628 6924
2629 6925
2630 6926
2631 6928
2632 6927
2633 6929
2634 6930
2635 6931
2636 6932
2637 6933
2638 6934
2639 6935
2640 6936
2641 6937
2642 6938
2643 6939
2644 6940
2645 6941
2646 6942
2647 6944
2648 6943
2649 6945
2650 6946
2651 6947
2652 6948
2653 6949
2654 6951
2655 6950
2656 6952
2657 6954
2658 6953
2659 6955
2660 6956
2661 6957
2662 6958
2663 6959
2664 6960
2665 6961
2666 6962
2667 6963
2668 6964
2669 6965
2670 6966
2671 6967
2672 6968
2673 6969
2674 6970
2675 6971
2676 6972
2677 6973
2678 6974
2679 6975
2680 6976
2681 6977
2682 6978
2683 6979
2684 6980
2685 6981
2686 6982
2687 6983
2688 6984
2689 6985
2690 6986
2691 6987
2692 6988
2693 6989
2694 6992
2695 6990
2696 6991
2697 6993
2698 6995
2699 6994
2700 6996
2701 6997
2702 6998
2703 6999
2704 7000
2705 7001
2706 7002
2707 7003
2708 7004
2709 7005
2710 7006
2711 7007
2712 7008
2713 7009
2714 7010
2715 7011
2716 7012
2717 7013
2718 7016
2719 7014
2720 7015
2721 7017
2722 7018
2723 7019
2724 7020
2725 7021
2726 7022
2727 7023
2728 7024
2729 7026
2730 7025
2731 7027
2732 7028
2733 7029
2734 7030
2735 7031
2736 7032
2737 7033
2738 7034
2739 7035
2740 7036
2741 7037
2742 7038
2743 7039
2744 7040
2745 7041
2746 7042
2747 7043
2748 7044
2749 7045
2750 7046
2751 7047
2752 7049
2753 7048
2754 7050
2755 7051
2756 7052
2757 7053
2758 7054
2759 7055
2760 7056
2761 7057
2762 7058
2763 7059
2764 7060
2765 7061
2766 7062
2767 7063
2768 7064
2769 7065
2770 7066
2771 7067
2772 7068
2773 7069
2774 7070
2775 7071
2776 7072
2777 7073
2778 7074
2812 7076
2813 7075
2819 7077
2820 7078
2821 7079
2822 7080
2823 7081
2824 7083
2825 7082
2826 7084
2827 7085
2828 7086
2829 7087
2830 7088
2831 7089
2832 7090
2833 7093
2834 7091
2835 7092
2836 7094
2837 7095
2838 7096
2839 7097
2840 7098
2841 7099
2842 7100
2843 7101
2844 7102
2845 7104
2846 7103
2847 7105
2848 7106
2849 7107
2850 7108
2851 7109
2852 7112
2853 7110
2854 7111
2855 7113
2856 7114
2857 7115
2858 7116
2859 7117
2860 7118
2861 7119
2862 7120
2863 7121
2864 7122
2865 7123
2866 7124
2867 7125
2868 7126
2869 7127
2870 7128
2871 7129
2872 7130
2873 7131
2874 7132
2875 7133
2876 7134
2877 7135
2878 7136
2879 7137
2880 7138
2881 7140
2882 7139
2883 7141
2884 7142
2885 7144
2886 7143
2887 7146
2888 7145
2889 7147
2890 7148
2891 7149
2892 7150
2893 7152
2894 7151
2895 7153
2896 7154
2897 7155
2898 7156
2899 7157
2900 7158
2901 7159
2902 7160
2903 7161
2904 7162
2905 7163
2906 7164
2907 7165
2908 7166
2909 7167
2910 7168
2911 7170
2912 7169
2913 7172
2914 7171
2915 7173
2916 7174
2917 7175
2918 7176
2919 7177
2920 7178
2921 7179
2922 7180
2923 7181
2924 7182
2925 7183
2926 7184
2927 7185
2928 7186
2929 7187
2930 7188
2931 7189
2932 7190
2933 7191
2934 7194
2935 7192
2936 7193
2937 7195
2938 7198
2939 7196
2940 7197
2941 7199
2942 7200
2943 7201
2944 7202
2945 7203
2946 7204
2947 7205
2948 7207
2949 7206
2950 7209
2951 7208
2952 7210
2953 7211
2954 7212
2955 7213
2956 7214
2957 7215
2958 7216
2959 7217
2960 7218
2961 7219
2962 7220
2963 7221
2964 7222
2965 7223
2966 7224
2967 7225
2968 7226
2969 7227
2970 7228
2971 7229
2972 7230
2973 7231
2974 7234
2975 7232
2976 7233
2977 7235
2978 7236
2979 7237
2980 7238
2981 7239
2982 7240
2983 7241
2984 7242
2985 7245
2986 7243
2987 7244
2988 7246
2989 7247
2990 7248
2991 7249
2992 7250
2993 7251
2994 7252
2995 7253
2996 7254
2997 7255
2998 7256
2999 7258
3000 7257
3001 7259
3002 7260
3003 7261
3004 7262
3005 7263
3006 7264
3007 7265
3008 7266
3009 7267
3010 7268
3011 7269
3012 7270
3013 7271
3014 7273
3015 7272
3016 7275
3017 7274
3018 7276
3019 7277
3020 7278
3021 7280
3022 7279
3023 7282
3024 7281
3025 7283
3026 7284
3027 7285
3028 7286
3029 7287
3030 7290
3031 7288
3032 7289
3033 7291
3034 7294
3035 7292
3036 7293
3037 7295
3038 7296
3039 7297
3040 7298
3041 7299
3042 7300
3043 7301
3044 7302
3060 7303
3061 7304
3062 7305
3063 7306
3064 7307
3065 7308
3066 7309
3067 7310
3073 7312
3074 7311
3075 7313
3076 7314
3077 7315
3078 7316
3079 7317
3080 7318
3081 7319
3082 7320
3083 7321
3084 7323
3085 7322
3086 7324
3087 7325
3088 7326
3089 7327
3090 7328
3091 7329
3092 7330
3093 7331
3094 7332
3095 7333
3096 7334
3097 7337
3098 7335
3099 7336
3100 7338
3101 7339
3102 7340
3103 7341
3104 7342
3105 7343
3106 7346
3107 7344
3108 7345
3109 7347
3110 7348
3111 7349
3112 7351
3113 7350
3114 7352
3115 7353
3116 7354
3117 7355
3118 7356
3119 7357
3120 7358
3121 7359
3122 7360
3123 7361
3124 7362
3125 7363
3126 7364
3127 7365
3128 7366
3129 7368
3130 7367
3131 7369
3132 7370
3133 7371
3134 7372
3135 7373
3136 7374
3137 7375
3138 7376
3139 7377
3140 7378
3141 7379
3142 7380
3143 7381
3144 7382
3145 7383
3146 7384
3147 7385
3148 7386
3149 7387
3150 7388
3151 7389
3152 7390
3153 7391
3154 7392
3155 7393
3156 7394
3157 7395
3158 7397
3159 7396
3160 7398
3168 7399
3169 7400
3170 7401
3171 7402
3172 7403
3173 7404
3174 7407
3175 7405
3176 7406
3177 7408
3178 7410
3179 7409
3180 7413
3181 7411
3182 7412
3183 7414
3184 7415
3185 7416
3186 7417
3187 7419
3188 7418
3189 7421
3190 7420
3191 7422
3192 7423
3193 7424
3194 7425
3195 7428
3196 7426
3197 7427
3198 7430
3199 7429
3200 7432
3201 7431
3202 7434
3203 7433
3204 7437
3205 7435
3206 7436
3207 7438
3208 7439
3209 7440
3210 7441
3211 7444
3212 7442
3213 7443
3214 7445
3215 7448
3216 7446
3217 7447
3218 7449
3219 7452
3220 7450
3221 7451
3222 7453
3223 7456
3224 7454
3225 7455
3226 7457
3227 7460
3228 7458
3229 7459
3230 7461
3231 7464
3232 7462
3233 7463
3234 7465
3235 7468
3236 7466
3237 7467
3238 7469
3239 7470
3240 7471
3241 7472
3242 7473
3243 7476
3244 7474
3245 7475
3246 7477
3247 7478
3248 7479
3249 7482
3250 7480
3251 7481
3252 7483
3253 7485
3254 7484
3255 7486
3256 7487
3257 7489
3258 7488
3259 7492
3260 7490
3261 7491
3262 7493
3263 7495
3264 7494
3265 7496
3266 7497
3267 7500
3268 7498
3269 7499
3270 7501
3271 7502
3272 7503
3273 7504
3274 7505
3275 7507
3276 7506
3277 7508
3278 7509
3279 7512
3280 7510
3281 7511
3282 7513
3283 7514
3284 7515
3285 7518
3286 7516
3287 7517
3288 7519
3289 7520
3290 7521
3291 7522
3292 7523
3293 7524
3294 7525
3295 7526
3296 7527
3297 7528
3298 7529
3299 7530
3300 7531
3301 7532
3302 7533
3303 7534
3304 7535
3305 7536
3306 7537
3307 7538
3308 7539
3309 7540
3310 7541
3311 7542
3312 7543
3313 7544
3314 7545
3315 7546
3316 7547
3317 7548
3318 7549
3319 7550
3320 7551
3321 7552
3322 7553
3323 7554
3324 7555
3325 7557
3326 7556
3327 7558
3328 7559
3329 7560
3330 7561
3331 7562
3332 7563
3333 7564
3334 7565
3335 7566
3336 7569
3337 7567
3338 7568
3339 7570
3340 7571
3341 7572
3342 7573
3343 7574
3344 7575
3345 7576
3346 7577
3347 7578
3348 7579
3349 7580
3350 7581
3351 7582
3352 7583
3353 7584
3354 7585
3355 7586
3356 7587
3357 7588
3358 7589
3359 7590
3360 7591
3361 7592
3362 7593
3363 7594
3364 7595
3365 7596
3366 7597
3367 7598
3368 7599
3369 7600
3370 7601
3371 7602
3372 7603
3373 7604
3374 7605
3375 7608
3376 7606
3377 7607
3378 7609
3379 7610
3380 7611
3381 7612
3382 7615
3383 7613
3384 7614
3385 7616
3386 7618
3387 7617
3388 7619
3389 7620
3390 7622
3391 7621
3392 7623
3393 7624
3394 7625
3395 7626
3396 7627
3397 7628
3398 7629
3399 7630
3400 7631
3401 7632
3402 7633
3403 7634
3404 7635
3405 7636
3406 7637
3407 7638
3408 7639
3409 7640
3410 7641
3411 7642
3412 7643
3413 7644
3414 7645
3415 7647
3416 7646
3417 7648
3418 7649
3419 7650
3420 7651
3421 7652
3422 7653
3423 7654
3424 7655
3425 7656
3426 7657
3427 7658
3428 7659
3429 7660
3430 7661
3431 7662
3432 7663
3433 7664
3434 7665
3435 7666
3436 7667
3437 7668
3438 7669
3439 7670
3440 7671
3441 7672
3442 7673
3443 7674
3444 7675
3445 7676
3446 7677
3447 7678
3448 7679
3449 7680
3450 7681
3451 7682
3452 7683
3453 7684
3454 7685
3455 7686
3456 7687
3457 7688
3458 7689
3459 7690
3460 7691
3461 7692
3462 7693
3463 7694
3464 7695
3465 7696
3466 7697
3467 7698
3468 7699
3469 7700
3470 7701
3471 7702
3472 7703
3473 7704
3474 7705
3475 7706
3476 7707
3477 7709
3478 7708
3479 7710
3480 7711
3481 7712
3482 7713
3483 7714
3484 7715
3495 7716
3496 7717
3497 7718
3498 7719
3500 7720
3501 7721
3502 7722
3503 7723
3504 7724
3505 7725
3506 7726
3507 7727
3508 7728
3509 7729
3510 7730
3511 7731
4058 7733
4059 7732
4060 3507
4061 3620
4072 7734
4073 7735
4074 7737
4075 7736
4076 7740
4077 7738
4078 7739
4079 7741
4080 7743
4081 7742
4082 7746
4083 7744
4084 7745
4085 7747
4086 7748
4087 7749
4088 7751
4089 7750
4090 7754
4091 7752
4092 7753
4093 7755
4094 7758
4095 7756
4096 7757
4097 7759
4098 7762
4099 7760
4100 7761
4101 7763
4102 7764
4103 7765
4104 7767
4105 7766
4106 7770
4107 7768
4108 7769
4109 7771
4110 7774
4111 7772
4112 7773
4113 7775
4114 7778
4115 7776
4116 7777
4117 7779
4118 7782
4119 7780
4120 7781
4121 7783
4122 7784
4123 7785
4124 7787
4125 7786
4126 7788
4127 7789
4128 7791
4129 7790
4130 7794
4131 7792
4132 7793
4133 7795
4134 7797
4135 7796
4136 7800
4137 7798
4138 7799
4139 7801
4140 7802
4141 7803
4142 7806
4143 7804
4144 7805
4145 7807
4146 7810
4147 7808
4148 7809
4149 7811
4150 7814
4151 7812
4152 7813
4153 7815
4154 7817
4155 7816
4156 7818
4157 7819
4158 7821
4159 7820
4160 7822
4161 7823
4162 7825
4163 7824
4164 7827
4165 7826
4166 7829
4167 7828
4168 7830
4169 7831
4170 7833
4171 7832
4172 7836
4173 7834
4174 7835
4175 7837
4176 7839
4177 7838
4178 7840
4179 7841
4180 7842
4181 7843
4182 7844
4183 7845
4184 7846
4185 7847
4186 7848
4187 7849
4188 7850
4189 7851
4190 7852
4191 7854
4192 7853
4193 7855
4194 7858
4195 7856
4196 7857
4197 7859
4198 7860
4199 7861
4200 7862
4201 7863
4202 7865
4203 7864
4204 7866
4205 7867
4206 7869
4207 7868
4208 7870
4209 7871
4210 7874
4211 7872
4212 7873
4213 7875
4214 7878
4215 7876
4216 7877
4217 7879
4218 7882
4219 7880
4220 7881
4221 7883
4222 7885
4223 7884
4224 7886
4225 7887
4226 7890
4227 7888
4228 7889
4229 7891
4230 7894
4231 7892
4232 7893
4233 7897
4234 7895
4235 7896
4236 7898
4237 7901
4238 7899
4239 7900
4240 7902
4241 7903
4242 7904
4243 7906
4244 7905
4245 7907
4246 7908
4247 7910
4248 7909
4249 7913
4250 7911
4251 7912
4252 7914
4253 7917
4254 7915
4255 7916
4256 7918
4257 7921
4258 7919
4259 7920
4260 7922
4261 7925
4262 7923
4263 7924
4264 7926
4265 7929
4266 7927
4267 7928
4268 7930
4269 7932
4270 7931
4271 7933
4272 7934
4273 7935
4274 7937
4275 7936
4276 7938
4277 7939
4278 7942
4279 7940
4280 7941
4281 7943
4282 7944
4283 7945
4284 7948
4285 7946
4286 7947
4287 7949
4288 7950
4289 7952
4290 7951
4291 7955
4292 7953
4293 7954
4294 7956
4295 7959
4296 7957
4297 7958
4298 7960
4299 7963
4300 7961
4301 7962
4302 7964
4303 7965
4304 7966
4305 7967
4306 7968
4307 7969
4308 7970
4309 7971
4310 7973
4311 7972
4312 3621
4313 3622
4314 3624
4315 3623
4316 7974
4317 7975
4318 7978
4319 7976
4320 7977
4321 7979
4322 7982
4323 7980
4324 7981
4325 7983
4326 7984
4327 7985
4328 7987
4329 7986
4330 7988
4331 7989
4332 7990
4333 7991
4334 7992
4335 7994
4336 7993
4337 7997
4338 7995
4339 7996
4340 7998
4341 8000
4342 7999
4343 8001
4344 8004
4345 8002
4346 8003
4347 8005
4348 8008
4349 8006
4350 8007
4351 8009
4352 8012
4353 8010
4354 8011
4355 8013
4356 8014
4357 8015
4358 8016
4359 8017
4360 8020
4361 8018
4362 8019
4363 8021
4364 8024
4365 8022
4366 8023
4367 8025
4368 8026
4369 8027
4370 8029
4371 8028
4372 8031
4373 8030
4374 8033
4375 8032
4376 8034
4377 8037
4378 8035
4379 8036
4380 8038
4381 8039
4382 8040
4383 8043
4384 8041
4385 8042
4386 8044
4387 8045
4388 8046
4389 8047
4390 8049
4391 8048
4392 8051
4393 8050
4394 8054
4395 8052
4396 8053
4397 8055
4398 8058
4399 8056
4400 8057
4401 8059
4402 8060
4403 8061
4404 8062
4405 8063
4406 8064
4407 8067
4408 8065
4409 8066
4410 8068
4411 8069
4412 8070
4413 8072
4414 8071
4415 8073
4416 8074
4417 8075
4418 8076
4419 8079
4420 8077
4421 8078
4422 8080
4423 8081
4424 8082
4425 8083
4426 8084
4427 8085
4428 8086
4429 8087
4430 8088
4431 8089
4432 8090
4433 8092
4434 8091
4435 8095
4436 8093
4437 8094
4438 8096
4439 8099
4440 8097
4441 8098
4442 8100
4443 8101
4444 8104
4445 8102
4446 8103
4447 8105
4448 8106
4449 8107
4450 8108
4451 8111
4452 8109
4453 8110
4454 8112
4455 8115
4456 8113
4457 8114
4458 8116
4459 8117
4460 8118
4461 8121
4462 8119
4463 8120
4464 8122
4465 8123
4466 8124
4467 8125
4468 8126
4469 8127
4470 8128
4471 8129
4472 8130
4473 8133
4474 8131
4475 8132
4476 8134
4477 8137
4478 8135
4479 8136
4480 8138
4481 8141
4482 8139
4483 8140
4484 8142
4485 8145
4486 8143
4487 8144
4488 8146
4489 8149
4490 8147
4491 8148
4492 8150
4493 8151
4494 8152
4495 8153
4496 8154
4497 8155
4498 8156
4499 8157
4500 8158
4501 8160
4502 8159
4503 8163
4504 8161
4505 8162
4506 8164
4507 8165
4508 8166
4509 8167
4510 8168
4511 8170
4512 8169
4513 8172
4514 8171
4515 8173
4516 8174
4517 8176
4518 8175
4519 8178
4520 8177
4521 8179
4522 8180
4523 8181
4524 8182
4525 8183
4526 8184
4527 8185
4528 8186
4529 8187
4530 8188
4531 8190
4532 8189
4533 8192
4534 8191
4535 8193
4536 8194
4537 8195
4538 8196
4539 8197
4540 8199
4541 8198
4542 8202
4543 8200
4544 8201
4545 8203
4546 8206
4547 8204
4548 8205
4549 8207
4550 8208
4551 8209
4552 8210
4553 8211
4554 8213
4555 8212
4556 8214
4557 8216
4558 8215
4559 8217
4560 8220
4561 8218
4562 8219
4563 8221
4564 8222
4565 8223
4566 8224
4567 8225
4568 8228
4569 8226
4570 8227
4571 8229
4572 8232
4573 8230
4574 8231
4575 8233
4576 8236
4577 8234
4578 8235
4579 8237
4580 8240
4581 8238
4582 8239
4583 8241
4584 8242
4585 8243
4586 8245
4587 8244
4588 8246
4589 8247
4590 8250
4591 8248
4592 8249
4593 8251
4594 8254
4595 8252
4596 8253
4597 8255
4598 8258
4599 8256
4600 8257
4601 8259
4602 8261
4603 8260
4604 8262
4605 8263
4606 8265
4607 8264
4608 8266
4609 8267
4610 8268
4611 8269
4612 8271
4613 8270
4614 8274
4615 8272
4616 8273
4617 8275
4618 8277
4619 8276
4620 8278
4621 8279
4622 8280
4623 8283
4624 8281
4625 8282
4626 8284
4627 8285
4628 8286
4629 8287
4630 8288
4631 8289
4632 8290
4633 8291
4634 8292
4635 8294
4636 8293
4637 8296
4638 8295
4639 8297
4640 8298
4641 8299
4642 8300
4643 8301
4644 8302
4645 8305
4646 8303
4647 8304
4648 8306
4649 8309
4650 8307
4651 8308
4652 8310
4653 8311
4654 8312
4655 8313
4656 8314
4657 8315
4658 8316
4659 8318
4660 8317
4661 8320
4662 8319
4663 8321
4664 8322
4665 8323
4666 8324
4667 8325
4668 8326
4669 8327
4670 8330
4671 8328
4672 8329
4673 8331
4674 8332
4675 8333
4676 8336
4677 8334
4678 8335
4679 8337
4680 8338
4681 8339
4682 8340
4683 8341
4684 8342
4685 8343
4686 8344
4687 8346
4688 8345
4689 8347
4690 8348
4691 8350
4692 8349
4693 8351
4694 8352
4695 8353
4696 8354
4697 8355
4698 8358
4699 8356
4700 8357
4701 8359
4702 8360
4703 8361
4704 8363
4705 8362
4706 8364
4707 8367
4708 8365
4709 8366
4710 8368
4711 8370
4712 8369
4713 8371
4714 8374
4715 8372
4716 8373
4717 8375
4718 8376
4719 8377
4720 8378
4721 8381
4722 8379
4723 8380
4724 8382
4725 8385
4726 8383
4727 8384
4728 8386
4729 8387
4730 8388
4731 8391
4732 8389
4733 8390
4734 8392
4735 8393
4736 8394
4737 8395
4738 8396
4739 8398
4740 8397
4741 8401
4742 8399
4743 8400
4744 8402
4745 8403
4746 8404
4747 8407
4748 8405
4749 8406
4750 8408
4751 8409
4752 8410
4753 8411
4754 8412
4755 8414
4756 8413
4757 8415
4758 8416
4759 8417
4760 8418
4761 3631
4762 3625
4763 8420
4764 8419
4765 8423
4766 8421
4767 8422
4768 8424
4769 8425
4770 8426
4771 8427
4772 8428
4773 8430
4774 8429
4775 8433
4776 8431
4777 8432
4778 8434
4779 8435
4780 8436
4781 8437
4782 8438
4783 8441
4784 8439
4785 8440
4786 8442
4787 8443
4788 8444
4789 8445
4790 8446
4791 8447
4792 3626
4793 3627
4794 8448
4795 8449
4796 8450
4797 8451
4798 8452
4799 3628
4800 3629
4801 8453
4802 8454
4803 8455
4804 8456
4805 8457
4806 8458
4808 8461
4809 8459
4810 8460
4811 8462
4812 8463
4813 8464
4814 8465
4815 8466
4816 8467
4817 8468
4818 8470
4819 8469
4820 8471
4821 8472
4822 8473
4823 8474
4824 8475
4825 8476
4826 8477
4827 8478
4828 8479
4829 8480
4830 8483
4831 8481
4832 8482
4833 8484
4834 8485
4835 8486
4836 8487
4837 8488
4838 8489
4839 8490
4840 8492
4841 8491
4842 8493
4843 8494
4844 8495
4845 8497
4846 8496
4847 8498
4848 8499
4849 8502
4850 8500
4851 8501
4852 8503
4853 8506
4854 8504
4855 8505
4856 8507
4857 8510
4858 8508
4859 8509
4860 8513
4861 8511
4862 8512
4863 8514
4864 8517
4865 8515
4866 8516
4867 8518
4868 8521
4869 8519
4870 8520
4871 8522
4872 8524
4873 8523
4874 8527
4875 8525
4876 8526
4877 8528
4878 8531
4879 8529
4880 8530
4881 8532
4882 8535
4883 8533
4884 8534
4885 8536
4886 8537
4887 8538
4888 8539
4889 8540
4890 8541
4891 8542
4892 8543
4893 8544
4894 8545
4895 8546
4896 8547
4897 8549
4898 8548
4899 8550
4900 8551
4901 8552
4902 8553
4903 8554
4904 8555
4905 8557
4906 8556
4907 8560
4908 8558
4909 8559
4910 8561
4911 8564
4912 8562
4913 8563
4914 8565
4915 8566
4916 8567
4917 8569
4918 8568
4919 8570
4920 8571
4921 8572
4922 8573
4923 8574
4924 8575
4925 8576
4926 8577
4927 8578
4928 8579
4929 8580
4930 8583
4931 8581
4932 8582
4933 8584
4934 8585
4935 8586
4936 8587
4937 8588
4938 8590
4939 8589
4940 8591
4941 8592
4942 8593
4943 8594
4944 8595
4945 8596
4946 8597
4947 8598
4948 8599
4949 8600
4950 8601
4951 8602
4952 8603
4953 8604
4954 8605
4955 8608
4956 8606
4957 8607
4958 8609
4959 8612
4960 8610
4961 8611
4962 8613
4963 8614
4964 8615
4965 8618
4966 8616
4967 8617
4968 8619
4969 8620
4970 8621
4971 8622
4972 8623
4973 8624
4974 8625
4975 8626
4976 8627
4977 8628
4978 8629
4979 8630
4980 8633
4981 8631
4982 8632
4983 8635
4984 8634
4985 8636
4986 8637
4987 8638
4988 8639
4989 8640
4990 8641
4991 8642
4992 8643
4993 8644
4994 8645
4995 8646
4996 8649
4997 8647
4998 8648
4999 8650
5000 8651
5001 8652
5002 8653
5003 8654
5004 8655
5005 8656
5006 8657
5007 8658
5008 8659
5009 8660
5010 8661
5011 8662
5012 8663
5013 8664
5014 8665
5015 8668
5016 8666
5017 8667
5018 8669
5019 8670
5020 8671
5021 8674
5022 8672
5023 8673
5024 8675
5025 8678
5026 8676
5027 8677
5028 8679
5029 8682
5030 8680
5031 8681
5032 8683
5033 8686
5034 8684
5035 8685
5036 8687
5037 8690
5038 8688
5039 8689
5040 8691
5041 8694
5042 8692
5043 8693
5044 8695
5045 8696
5046 8697
5047 8700
5048 8698
5049 8699
5050 8701
5051 8704
5052 8702
5053 8703
5054 8705
5055 8707
5056 8706
5057 8708
5058 8711
5059 8709
5060 8710
5061 8712
5062 8715
5063 8713
5064 8714
5065 8716
5066 8717
5067 8718
5068 8721
5069 8719
5070 8720
5071 8722
5072 8725
5073 8723
5074 8724
5075 8726
5076 8727
5077 8728
5078 8731
5079 8729
5080 8730
5081 8732
5082 8735
5083 8733
5084 8734
5085 8736
5086 8737
5087 8738
5088 8741
5089 8739
5090 8740
5091 8742
5092 8745
5093 8743
5094 8744
5095 8746
5096 8749
5097 8747
5098 8748
5099 8750
5100 8753
5101 8751
5102 8752
5103 8754
5104 8755
5105 8756
5106 8758
5107 8757
5108 8761
5109 8759
5110 8760
5111 8762
5112 8764
5113 8763
5114 8767
5115 8765
5116 8766
5117 8768
5118 8771
5119 8769
5120 8770
5121 8772
5122 8775
5123 8773
5124 8774
5125 8776
5126 8779
5127 8777
5128 8778
5129 8780
5130 8781
5131 8782
5132 8785
5133 8783
5134 8784
5135 8786
5136 8789
5137 8787
5138 8788
5139 8790
5140 8792
5141 8791
5142 8793
5143 8794
5144 8797
5145 8795
5146 8796
5147 8798
5148 8799
5149 8800
5150 8801
5151 8802
5152 8803
5153 8804
5154 8807
5155 8805
5156 8806
5157 8808
5158 8809
5159 8810
5160 8811
5161 8812
5162 8813
5163 8814
5164 8815
5165 8817
5166 8816
5167 8818
5168 8819
5169 8820
5170 8822
5171 8821
5172 8825
5173 8823
5174 8824
5175 8826
5176 8827
5177 8828
5178 8829
5179 8830
5180 8832
5181 8831
5182 8833
5183 8834
5184 8835
5185 8836
5186 8839
5187 8837
5188 8838
5189 8840
5190 8841
5191 8842
5192 8843
5193 8844
5194 8845
5195 8846
5196 8847
5197 8848
5198 8849
5199 8850
5200 8852
5201 8851
5202 8853
5203 8854
5204 8855
5205 8856
5206 8857
5207 8858
5208 8859
5209 8860
5210 8861
5211 8862
5212 8864
5213 8863
5214 8865
5215 8866
5216 8867
5217 8868
5218 8869
5219 8870
5220 8871
5221 8872
5222 8873
5223 8874
5224 8875
5225 8876
5226 8877
5227 8878
5228 8879
5229 8880
5230 8881
5234 8882
5244 8885
5245 8883
5246 8884
5247 8886
5248 8887
5249 8888
5250 8889
5251 8891
5252 8890
5253 8893
5254 8892
5255 8894
5256 8896
5257 8895
5258 8898
5259 8897
5260 8899
5261 8900
5262 8902
5263 8901
5264 8903
5265 8904
5266 8905
5267 8906
5268 8907
5269 8908
5270 8909
5271 8910
5272 8911
5273 8914
5274 8912
5275 8913
5276 8915
5277 8916
5278 8917
5279 8918
5280 8919
5281 8920
5282 8923
5283 8921
5284 8922
5285 8924
5286 8927
5287 8925
5288 8926
5289 8928
5290 8931
5291 8929
5292 8930
5293 8932
5294 8933
5295 8934
5296 8935
5297 8936
5298 8937
5299 8938
5300 8939
5301 8940
5302 8941
5303 8942
5304 8943
5305 8944
5306 8947
5307 8945
5308 8946
5309 8948
5310 8949
5311 8952
5312 8950
5313 8951
5314 8953
5315 8954
5316 8955
5317 8957
5318 8956
5319 8959
5320 8958
5321 8960
5322 8963
5323 8961
5324 8962
5325 8964
5326 8965
5327 8966
5328 8967
5329 8968
5330 8969
5331 8971
5332 8970
5333 8972
5334 8973
5335 8975
5336 8974
5337 8976
5338 8977
5339 8978
5340 8979
5341 8980
5342 8981
5343 8982
5344 8983
5345 8986
5346 8984
5347 8985
5348 8987
5349 8988
5350 8989
5351 8990
5352 8991
5353 8992
5354 8995
5355 8993
5356 8994
5357 8996
5358 8997
5359 8998
5360 8999
5361 9000
5362 9003
5363 9001
5364 9002
5365 9004
5370 9005
5371 9006
5372 9007
5373 9008
5374 9009
5375 9010
5376 9011
5377 9012
5378 9013
5379 9016
5380 9014
5381 9015
5382 9017
5383 9020
5384 9018
5385 9019
5386 9021
5387 9022
5388 9025
5389 9023
5390 9024
5391 9026
5392 9027
5393 9028
5394 9030
5395 9029
5396 9033
5397 9031
5398 9032
5399 9034
5400 9037
5401 9035
5402 9036
5403 9038
5404 9041
5405 9039
5406 9040
5407 9042
5408 9043
5409 9044
5410 9045
5411 9046
5412 9048
5413 9047
5414 9050
5415 9049
5416 9051
5417 9052
5418 9053
5419 9054
5420 9055
5421 9058
5422 9056
5423 9057
5424 9059
5425 9060
5426 9061
5427 9062
5428 9063
5429 9064
5430 9066
5431 9065
5432 9067
5433 9070
5434 9068
5435 9069
5436 9071
5437 9073
5438 9072
5439 9074
5440 9075
5441 9076
5442 9079
5443 9077
5444 9078
5445 9080
5446 9081
5447 9082
5448 9084
5449 9083
5450 9085
5451 9086
5452 9089
5453 9087
5454 9088
5455 9090
5456 9092
5457 9091
5458 9095
5459 9093
5460 9094
5461 9096
5462 9099
5463 9097
5464 9098
5465 9100
5466 9103
5467 9101
5468 9102
5469 9104
5470 9107
5471 9105
5472 9106
5473 9108
5474 9109
5475 9110
5476 9112
5477 9111
5478 9113
5479 9114
5480 9116
5481 9115
5482 9117
5483 9118
5484 9119
5485 9120
5486 9121
5487 9122
5488 9125
5489 9123
5490 9124
5491 9126
5492 9129
5493 9127
5494 9128
5495 9130
5496 9132
5497 9131
5498 9135
5499 9133
5500 9134
5501 9136
5502 9137
5503 9138
5504 9141
5505 9139
5506 9140
5507 9142
5508 9145
5509 9143
5510 9144
5511 9146
5512 9149
5513 9147
5514 9148
5515 9150
5516 9153
5517 9151
5518 9152
5519 9154
5520 9155
5521 9156
5522 9159
5523 9157
5524 9158
5525 9160
5526 9161
5527 9162
5528 9163
5529 9164
5530 9165
5531 9166
5532 9167
5533 9168
5534 9169
5535 9170
5536 9171
5537 9172
5538 9175
5539 9173
5540 9174
5541 9176
5542 9177
5543 9178
5544 9180
5545 9179
5546 9182
5547 9181
5548 9183
5549 9184
5550 9185
5551 9188
5552 9186
5553 9187
5554 9189
5555 9191
5556 9190
5557 9192
5558 9193
5559 9194
5560 9195
5561 9196
5562 9197
5563 9198
5564 9199
5565 9200
5566 9201
5567 9203
5568 9202
5569 9204
5570 9206
5571 9205
5572 9207
5573 9208
5574 9211
5575 9209
5576 9210
5577 9212
5578 9213
5579 9214
5580 9215
5581 9216
5582 9217
5583 9218
5584 9219
5585 9220
5586 9222
5587 9221
5588 9225
5589 9223
5590 9224
5591 9226
5592 9227
5593 9228
5594 9229
5595 9230
5596 9231
5597 9234
5598 9232
5599 9233
5600 9237
5601 9235
5602 9236
5603 9238
5604 9240
5605 9239
5606 9241
5607 9242
5608 9244
5609 9243
5610 9245
5611 9246
5612 9247
5613 9250
5614 9248
5615 9249
5616 9251
5617 9254
5618 9252
5619 9253
5620 9255
5621 9258
5622 9256
5623 9257
5624 9259
5625 9261
5626 9260
5627 9264
5628 9262
5629 9263
5630 9265
5631 9268
5632 9266
5633 9267
5634 9269
5635 9270
5636 9271
5637 9272
5638 9273
5639 9274
5640 9275
5641 9276
5642 9277
5643 9280
5644 9278
5645 9279
5646 9281
5647 9282
5648 9283
5649 9284
5650 9285
5651 9287
5652 9286
5653 9288
5654 9289
5655 9290
5656 9293
5657 9291
5658 9292
5659 9294
5660 9295
5661 9296
5662 9297
5663 9299
5664 9298
5665 9300
5666 9301
5667 9302
5668 9303
5669 9304
5670 9305
5671 9306
5672 9307
5673 9308
5674 9309
5675 9310
5676 9311
5677 9312
5678 9314
5679 9313
5680 9315
5681 9316
5682 9317
5683 9318
5684 9319
5685 9320
5686 9321
5687 9322
5688 9323
5689 9324
5690 9325
5691 9326
5692 9327
5693 9328
5694 9329
5695 9330
5696 9331
5697 9332
5698 9333
5699 9334
5700 9335
5701 9336
5702 9337
5703 9338
5704 9339
5705 9340
5706 9341
5707 9342
5708 9343
5709 9345
5710 9344
5711 9348
5712 9346
5713 9347
5714 9349
5715 9350
5716 9351
5717 9352
5718 9353
5719 9354
5720 9355
5721 9356
5722 9357
5723 9358
5724 9359
5725 9360
5726 9361
5727 9362
5728 9363
5729 9364
5730 9366
5731 9365
5732 9367
5733 9368
5734 9369
5735 9370
5736 9371
5737 9372
5738 9373
5739 9374
5740 9375
5741 9376
5742 9377
5743 9378
5744 9379
5745 9380
5746 9381
5747 9382
5748 9383
5749 9384
5750 9385
5751 9386
5752 9387
5753 9388
5754 9389
5755 9390
5756 9392
5757 9391
5758 9393
5759 9394
5760 9395
5761 9396
5762 9397
5763 9398
5764 9399
5765 9400
5766 9403
5767 9401
5768 9402
5769 9404
5770 9405
5771 9406
5772 9408
5773 9407
5774 9409
5775 9410
5776 9411
5777 9412
5778 9413
5779 9414
5780 9415
5781 9417
5782 9416
5783 9418
5784 9419
5785 9420
5786 9421
5787 9422
5788 9423
5789 9424
5790 9425
5791 9426
5792 9427
5793 9428
5794 9429
5795 9430
5796 9431
5797 9432
5798 9433
5799 9434
5800 9435
5801 9436
5802 9437
5803 9438
5804 9439
5805 9440
5806 9441
5807 9442
5808 9443
5809 9444
5810 9445
5811 9446
5812 9447
5813 9449
5814 9448
5815 9451
5816 9450
5817 9452
5818 9455
5819 9453
5820 9454
5821 9456
5822 9459
5823 9457
5824 9458
5825 9460
5826 9461
5827 9462
5828 9463
5829 9464
5830 9466
5831 9465
5832 9467
5833 9468
5834 9469
5835 9470
5836 9473
5837 9471
5838 9472
5839 9474
5840 9476
5841 9475
5842 9477
5843 9480
5844 9478
5845 9479
5846 9481
5847 9482
5848 9483
5849 9484
5850 9485
5851 9486
5852 9489
5853 9487
5854 9488
5855 9490
5856 9491
5857 9492
5858 9493
5859 9494
5860 9495
5861 9496
5862 9497
5863 9498
5864 9499
5865 9500
5866 9501
5867 9502
5868 9504
5869 9503
5870 9505
5871 9506
5872 9507
5873 9508
5874 9509
5875 9510
5876 9511
5877 9512
5878 9515
5879 9513
5880 9514
5881 9516
5882 9517
5883 9518
5884 9520
5885 9519
5886 9521
5887 9522
5888 9523
5889 9524
5890 9525
5891 9526
5892 9527
5893 9528
5894 9529
5895 9530
5896 9531
5897 9532
5898 9533
5899 9534
5900 9535
5901 9536
5902 9537
5903 9538
5904 9539
5905 9541
5906 9540
5907 9542
5908 9543
5909 9544
5910 9545
5911 9546
5912 9547
5913 9548
5914 9549
5915 9550
5916 9551
5917 9552
5918 9553
5919 9554
5920 9555
5921 9556
5922 9557
5923 9558
5924 9559
5925 9561
5926 9560
5927 9563
5928 9562
5929 9564
5930 9565
5931 9566
5932 9568
5933 9567
5934 9571
5935 9569
5936 9570
5937 9572
5938 9573
5939 9574
5940 9577
5941 9575
5942 9576
5943 9578
5944 9579
5945 9580
5946 9583
5947 9581
5948 9582
5949 9584
5950 9585
5951 9586
5952 9587
5953 9590
5954 9588
5955 9589
5956 9591
5957 9592
5958 9593
5959 9594
5960 9595
5961 9596
5962 9597
5963 9598
5964 9600
5965 9599
5966 9601
5967 9602
5968 9603
5969 9604
5970 9605
5971 9606
5972 9607
5973 9608
5974 9609
5975 9610
5976 9611
5977 9612
5978 9613
5979 9615
5980 9614
5981 9616
5982 9617
5983 9618
5984 9619
5985 9620
5986 9621
5987 9622
5988 9623
5989 9626
5990 9624
5991 9625
5992 9627
5993 9628
5994 9629
5995 9631
5996 9630
5997 9632
5998 9633
5999 9634
6000 9635
6001 9636
6002 9637
6003 9638
6004 9639
6005 9640
6006 9641
6007 9642
6008 9643
6009 9644
6010 9645
6011 9646
6012 9647
6013 9649
6014 9648
6015 9650
6016 9652
6017 9651
6018 9653
6019 9654
6020 9655
6021 9656
6022 9657
6023 9658
6024 9659
6025 9660
6026 9661
6027 9662
6028 9663
6029 9664
6030 9665
6031 9666
6032 9667
6033 9668
6034 9669
6035 9670
6036 9672
6037 9671
6038 9674
6039 9673
6040 9675
6041 9676
6042 9679
6043 9677
6044 9678
6045 9680
6046 9683
6047 9681
6048 9682
6049 9684
6050 9685
6051 9686
6052 9689
6053 9687
6054 9688
6055 9690
6056 9691
6057 9692
6058 9694
6059 9693
6060 9695
6061 9696
6062 9697
6063 9698
6064 9700
6065 9699
6066 9701
6067 9702
6068 9704
6069 9703
6070 9705
6071 9706
6072 9707
6073 9709
6074 9708
6075 9710
6076 9711
6077 9712
6078 9714
6079 9713
6080 9717
6081 9715
6082 9716
6083 9718
6084 9719
6085 9720
6086 9721
6087 9722
6088 9723
6089 9724
6090 9725
6091 9726
6092 9727
6093 9728
6094 9729
6095 9730
6096 9732
6097 9731
6098 9733
6099 9734
6100 9735
6101 9736
6102 9737
6103 9738
6104 9740
6105 9739
6106 9741
6107 9742
6108 9744
6109 9743
6110 9745
6111 9746
6112 9748
6113 9747
6114 9749
6115 9751
6116 9750
6117 9752
6118 9753
6119 9754
6120 9755
6121 9756
6122 9757
6123 9758
6124 9759
6125 9760
6126 9761
6127 9762
6128 9763
6129 9764
6130 9766
6131 9765
6132 9767
6133 9768
6134 9769
6135 9770
6136 9771
6137 9772
6138 9773
6139 9774
6140 9775
6141 9776
6142 9777
6143 9778
6144 9779
6145 9780
6146 9781
6147 9782
6148 9783
6149 9784
6150 9785
6151 9786
6152 9787
6153 9789
6154 9788
6155 9791
6156 9790
6157 9792
6158 9793
6159 9794
6160 9795
6161 9797
6162 9796
6163 9798
6164 9799
6165 9800
6166 9801
6167 9802
6168 9803
6169 9804
6170 9805
6171 9806
6172 9807
6173 9808
6174 9809
6175 9810
6176 9811
6177 9813
6178 9812
6179 9816
6180 9814
6181 9815
6182 9817
6183 9818
6184 9819
6185 9820
6186 9821
6187 9822
6188 9823
6189 9824
6190 9825
6191 9826
6192 9827
6193 9828
6194 9829
6195 9830
6196 9831
6197 9832
6198 9833
6199 9834
6200 9835
6201 9836
6202 9837
6203 9839
6204 9838
6205 9840
6206 9842
6207 9841
6208 9843
6209 9844
6210 9845
6211 9846
6212 9847
6213 9848
6214 9849
6215 9850
6216 9851
6217 9852
6218 9853
6219 9854
6220 9855
6221 9856
6222 9857
6223 9858
6224 9859
6225 9860
6226 9862
6227 9861
6228 9863
6229 9865
6230 9864
6231 9866
6232 9867
6233 9868
6234 9869
6235 9870
6236 9871
6237 9872
6238 9873
6239 9874
6273 9875
6274 9876
6280 9877
6281 9878
6282 9879
6283 9880
6284 9881
6285 9882
6286 9883
6287 9885
6288 9884
6289 9886
6290 9887
6291 9888
6292 9889
6293 9890
6294 9893
6295 9891
6296 9892
6297 9894
6298 9895
6299 9896
6300 9898
6301 9897
6302 9900
6303 9899
6304 9901
6305 9902
6306 9904
6307 9903
6308 9905
6309 9906
6310 9907
6311 9908
6312 9909
6313 9912
6314 9910
6315 9911
6316 9913
6317 9914
6318 9915
6319 9916
6320 9918
6321 9917
6322 9920
6323 9919
6324 9921
6325 9922
6326 9923
6327 9924
6328 9925
6329 9926
6330 9927
6331 9928
6332 9929
6333 9930
6334 9931
6335 9932
6336 9933
6337 9934
6338 9935
6339 9936
6340 9937
6341 9938
6342 9939
6343 9940
6344 9941
6345 9942
6346 9943
6347 9944
6348 9945
6349 9946
6350 9947
6351 9948
6352 9950
6353 9949
6354 9951
6355 9952
6356 9953
6357 9954
6358 9955
6359 9956
6360 9957
6361 9958
6362 9959
6363 9960
6364 9961
6365 9962
6366 9963
6367 9964
6368 9965
6369 9966
6370 9968
6371 9967
6372 9969
6373 9970
6374 9971
6375 9972
6376 9973
6377 9974
6378 9975
6379 9976
6380 9977
6381 9978
6382 9979
6383 9980
6384 9981
6385 9982
6386 9983
6387 9984
6388 9985
6389 9986
6390 9987
6391 9988
6392 9989
6393 9992
6394 9990
6395 9991
6396 9993
6397 9996
6398 9994
6399 9995
6400 9997
6401 9998
6402 9999
6403 10000
6404 10001
6405 10002
6406 10003
6407 10004
6408 10005
6409 10006
6410 10007
6411 10008
6412 10009
6413 10010
6414 10011
6415 10012
6416 10013
6417 10015
6418 10014
6419 10017
6420 10016
6421 10018
6422 10019
6423 10020
6424 10021
6425 10022
6426 10023
6427 10024
6428 10025
6429 10026
6430 10027
6431 10028
6432 10029
6433 10032
6434 10030
6435 10031
6436 10033
6437 10034
6438 10035
6439 10036
6440 10037
6441 10039
6442 10038
6443 10040
6444 10042
6445 10041
6446 10043
6447 10044
6448 10045
6449 10046
6450 10047
6451 10048
6452 10049
6453 10050
6454 10051
6455 10052
6456 10053
6457 10054
6458 10055
6459 10056
6460 10057
6461 10058
6462 10059
6463 10060
6464 10061
6465 10062
6466 10063
6467 10064
6468 10065
6469 10066
6470 10067
6471 10068
6472 10069
6473 10070
6474 10071
6475 10072
6476 10073
6477 10076
6478 10074
6479 10075
6480 10077
6481 10080
6482 10078
6483 10079
6484 10081
6485 10082
6486 10083
6487 10084
6488 10085
6489 10086
6490 10087
6491 10088
6496 10089
6497 10090
6498 10091
6499 10092
6500 10093
6501 10094
6502 10095
6503 10096
6504 10098
6505 10097
6506 10099
6507 10100
6508 10101
6509 10102
6510 10103
6511 10104
6512 10106
6513 10105
6514 10107
6515 10108
6516 10109
6517 10111
6518 10110
6519 10112
6520 10113
6521 10115
6522 10114
6523 10116
6524 10117
6525 10118
6526 10119
6527 10120
6528 10121
6529 10124
6530 10122
6531 10123
6532 10125
6533 10126
6534 10127
6535 10128
6536 10129
6537 10130
6538 10131
6539 10133
6540 10132
6541 10134
6542 10135
6543 10136
6544 10137
6545 10138
6546 10139
6547 10140
6548 10141
6549 10142
6550 10143
6551 10144
6552 10145
6553 10146
6554 10147
6555 10148
6556 10149
6557 10150
6558 10151
6559 10152
6560 10153
6561 10154
6562 10155
6563 10156
6564 10157
6565 10158
6566 10159
6567 10160
6568 10161
6569 10162
6570 10163
6571 10164
6572 10165
6573 10166
6574 10169
6575 10167
6576 10168
6577 10170
6578 10171
6579 10172
6580 10175
6581 10173
6582 10174
6583 10176
6584 10177
6585 10178
6586 10179
6587 10181
6588 10180
6589 10182
6590 10183
6591 10184
6592 10186
6593 10185
6594 10187
6595 10189
6596 10188
6597 10190
6598 10191
6599 10192
6600 10193
6601 10194
6602 10195
6603 10196
6604 10198
6605 10197
6606 10199
6607 10200
6608 10201
6609 10202
6610 10203
6611 10206
6612 10204
6613 10205
6614 10207
6615 10210
6616 10208
6617 10209
6618 10211
6619 10214
6620 10212
6621 10213
6622 10215
6623 10218
6624 10216
6625 10217
6626 10219
6627 10222
6628 10220
6629 10221
6630 10223
6631 10226
6632 10224
6633 10225
6634 10227
6635 10230
6636 10228
6637 10229
6638 10231
6639 10232
6640 10233
6641 10235
6642 10234
6643 10238
6644 10236
6645 10237
6646 10239
6647 10240
6648 10241
6649 10244
6650 10242
6651 10243
6652 10245
6653 10246
6654 10247
6655 10248
6656 10249
6657 10251
6658 10250
6659 10254
6660 10252
6661 10253
6662 10255
6663 10256
6664 10257
6665 10259
6666 10258
6667 10262
6668 10260
6669 10261
6670 10263
6671 10264
6672 10265
6673 10266
6674 10267
6675 10269
6676 10268
6677 10270
6678 10271
6679 10274
6680 10272
6681 10273
6682 10275
6683 10276
6684 10277
6685 10280
6686 10278
6687 10279
6688 10281
6689 10282
6690 10283
6691 10285
6692 10284
6693 10286
6694 10287
6695 10288
6696 10290
6697 10289
6698 10291
6699 10292
6700 10293
6701 10294
6702 10295
6703 10296
6704 10297
6705 10298
6706 10299
6707 10300
6708 10301
6709 10302
6710 10303
6711 10304
6712 10305
6713 10306
6714 10307
6715 10308
6716 10309
6717 10310
6718 10311
6719 10312
6720 10313
6721 10314
6722 10315
6723 10316
6724 10317
6725 10318
6726 10319
6727 10320
6728 10321
6729 10322
6730 10323
6731 10324
6732 10325
6733 10326
6734 10327
6735 10328
6736 10331
6737 10329
6738 10330
6739 10332
6740 10334
6741 10333
6742 10335
6743 10336
6744 10337
6745 10338
6746 10339
6747 10340
6748 10341
6749 10342
6750 10344
6751 10343
6752 10346
6753 10345
6754 10348
6755 10347
6756 10350
6757 10349
6758 10352
6759 10351
6760 10354
6761 10353
6762 10356
6763 10355
6764 10358
6765 10357
6766 10359
6767 10360
6768 10361
6769 10362
6770 10364
6771 10363
6772 10365
6773 10366
6774 10367
6775 10370
6776 10368
6777 10369
6778 10371
6779 10372
6780 10373
6781 10374
6782 10377
6783 10375
6784 10376
6785 10378
6786 10379
6787 10380
6788 10382
6789 10381
6790 10383
6791 10384
6792 10385
6793 10386
6794 10387
6795 10388
6796 10389
6797 10390
6798 10391
6799 10392
6800 10393
6801 10394
6802 10395
6803 10396
6804 10397
6805 10398
6806 10399
6807 10400
6808 10401
6809 10402
6810 10403
6811 10404
6812 10405
6813 10406
6814 10407
6815 10408
6816 10409
6817 10410
6818 10411
6819 10412
6820 10413
6821 10414
6822 10415
6823 10416
6824 10417
6825 10418
6826 10419
6827 10420
6828 10421
6829 10422
6830 10424
6831 10423
6832 10425
6833 10426
6834 10427
6835 10429
6836 10428
6837 10430
6838 10431
6839 10432
6840 10433
6841 10434
6842 10435
6843 10436
6844 10437
6845 10438
6846 10439
6847 10440
6848 10441
6849 10442
6850 10443
6851 10444
6852 10445
6853 10446
6854 10447
6855 10448
6856 10449
6857 10450
6858 10452
6859 10451
6860 10453
6861 10454
6862 10455
6863 10456
6864 10457
6865 10458
6866 10459
6867 10461
6868 10460
6869 10462
6870 10463
6871 10464
6872 10465
6873 10466
6874 10467
6875 10468
6876 10469
6877 10470
6878 10471
6879 10472
